policy=(0.99999,0.9999)	policy=(0.9999,0.9999)	policy=(0.999,0.999)	policy=(0.99,0.99)	
0.400293524124014	0.569444444444444	0.465656565656566	0.328515980500815	
0.777777777777778	0.162527233115468	0.364933275488304	0.520397771545039	
0.25625	0.240465743156825	0.453975470847594	0.538429674900263	
0.375684666210982	0.201772783824049	0.606246204775617	0.68314481217707	
0.164179104477612	0.336043205160852	0.860795454545455	0.795367965367965	
0.523188405797101	0.234449917898194	0.765641025641026	0.64982683982684	
0.818181818181818	0.453679497145159	0.594865081155404	0.802222222222222	
0.118774949283424	0.657699805068226	0.630413154097365	0.640620490620491	
0.625	0.654924242424242	0.743290043290043	0.633076923076923	
0.308760683760684	0.538385598141696	0.770682567251195	0.64531746031746	
0.368977540819352	0.510413711583924	0.824404761904762	0.662380952380952	
0.0830713980072132	0.536831942922096	0.787009803921569	0.756580086580087	
0.56227297606608	0.414908259656639	0.80363463696797	0.790064935064935	
0.221377750327909	0.462138170471504	0.904320987654321	0.71030303030303	
0.325151515151515	0.487305238621028	0.828395061728395	0.682222222222222	
0.363894724458412	0.499319727891156	0.912682379349046	0.662393162393162	
0.099996917005796	0.421039831039831	0.904761904761905	0.768095238095238	
0.391803520824611	0.542933257218971	0.941111111111111	0.747160062160062	
0.587014204735724	0.654017857142857	0.913333333333333	0.795779220779221	
0.158327090524841	0.533314511575381	0.868583638583639	0.612222222222222	
0.688073394495413	0.389646464646465	0.805050505050505	0.665064935064935	
0.396412276111524	0.437082418386766	0.860659340659341	0.671770451770452	
0.406390870689692	0.531222943722944	0.948717948717949	0.664920634920635	
0.274624096470607	0.53452380952381	0.911024531024531	0.68521645021645	
0.343615022110549	0.503389679286231	0.915151515151515	0.722619047619048	
0.555520824650607	0.627318418016092	0.765432098765432	0.735	
0.634285714285714	0.67156862745098	0.944444444444444	0.646652236652237	
0.415873015873016	0.636940836940837	0.921111111111111	0.680969585969586	
0.177119881621248	0.53775935828877	0.866984126984127	0.707393162393162	
0.200676230087995	0.395238095238095	0.977777777777778	0.66521645021645	
0.604889643463497	0.578381684057639	0.929857397504456	0.734786324786325	
0.375620275006983	0.600380822185334	0.977777777777778	0.638896658896659	
0.301973684210526	0.533829523303208	0.935	0.686580086580087	
0.232349837103657	0.680910746273514	0.912121212121212	0.762857142857143	
0.119406141565673	0.491486291486291	0.95959595959596	0.708246753246753	
0.319379867962317	0.540511600160723	0.954761904761905	0.705620490620491	
0.437881608339538	0.643612801583816	0.878033078033078	0.744072039072039	
0.511625615763547	0.654021873594242	0.981818181818182	0.696414141414141	
0.395125861792528	0.51837291061429	0.911111111111111	0.596904761904762	
0.231991603901716	0.643269671504966	0.9625	0.742715617715618	
0.375548107806172	0.71780753968254	0.951428571428571	0.687857142857143	
0.306083589349718	0.70525641025641	0.98	0.677135642135642	
0.326162498726217	0.666784529913484	0.971428571428572	0.677802197802198	
0.658823529411765	0.565328752583655	1	0.710151515151515	
0.177525367257307	0.695491613649508	0.981818181818182	0.789675324675325	
0.657575757575758	0.727513227513227	0.911111111111111	0.821904761904762	
0.295037187288709	0.702935574229692	0.928484848484848	0.697948717948718	
0.457069143446852	0.825396825396825	0.953246753246753	0.726428571428571	
0.413632119514472	0.574862637362637	0.981818181818182	0.771976911976912	
0.33308313550249	0.577150818530129	0.966666666666667	0.707948717948718	
0.47047847985348	0.656200466200466	0.966666666666667	0.6204884004884	
0.453959381106448	0.797128851540616	0.928484848484848	0.844119769119769	
0.281389543029799	0.604544650396044	0.98	0.630669330669331	
0.254990734267674	0.613155937293868	0.977777777777778	0.733008658008658	
0.545454545454546	0.848095238095238	0.920634920634921	0.764119769119769	
0.375774518542528	0.660309479917323	0.977777777777778	0.68551282051282	
0.326238095238095	0.729173669467787	0.981818181818182	0.756512931512932	
0.446266390614217	0.693162393162393	0.966666666666667	0.746248196248196	
0.295790602425181	0.616812865497076	1	0.73034188034188	
0.335897435897436	0.709046100957866	0.957777777777778	0.725250305250305	
0.393212121212121	0.612698412698413	0.907008547008547	0.695639915639916	
0.184439546789291	0.791341991341991	1	0.674858474858475	
0.345997135696384	0.732097902097902	0.933333333333333	0.752857142857143	
0.202320085244349	0.649468864468864	0.971428571428572	0.729786324786325	
0.151933126749819	0.693030025530026	0.933333333333333	0.744357864357864	
0.163588896483633	0.777708711042044	0.981818181818182	0.741111111111111	
0.657477025898079	0.529108097784568	0.98	0.699285714285714	
0.445776397515528	0.748021864616292	0.98	0.788398268398269	
0.408101702219349	0.612915148576913	0.977777777777778	0.643968253968254	
0.202911603068049	0.645008565184004	0.95959595959596	0.722301587301587	
0.538892413668087	0.772491430138489	0.933246753246753	0.727393162393162	
0.513888888888889	0.563519813519813	0.971428571428572	0.648246753246753	
0.355684476166404	0.658633958633959	0.971428571428572	0.773484848484849	
0.367107769423559	0.768888888888889	0.98	0.738571428571429	
0.318303437390088	0.673443077390446	0.90952380952381	0.664064824064824	
0.376861227284956	0.800468975468975	0.971428571428572	0.692698412698413	
0.396770186335404	0.651655011655012	1	0.635555555555556	
0.477952999381571	0.796984265734266	0.942929292929293	0.817393162393162	
0.534311454311454	0.87	1	0.735151515151515	
0.540435139573071	0.699200244200244	0.957777777777778	0.703787878787879	
0.432786195286195	0.71401862026862	0.957777777777778	0.681031746031746	
0.411522633744856	0.837777777777778	0.971428571428572	0.715151515151515	
0.674042950513539	0.639434523809524	0.971428571428571	0.704685314685315	
0.278804465011362	0.758947225613892	1	0.749957264957265	
0.350265924551639	0.701465201465201	0.933333333333333	0.725620490620491	
0.404463265443302	0.806478652066887	0.977777777777778	0.745274725274725	
0.381440798874939	0.741032301032301	1	0.705238095238095	
0.395951278092297	0.6836860670194	0.920634920634921	0.686262626262626	
0.300324675324675	0.727246642246642	0.966666666666667	0.75547619047619	
0.464927536231884	0.609378374538221	0.957777777777778	0.694206349206349	
0.448258799075496	0.573825488237253	0.95959595959596	0.71512987012987	
0.196971307599933	0.86062091503268	0.971428571428572	0.741428571428571	
0.409864637849713	0.848148148148148	0.944444444444444	0.693251748251748	
0.535328706381338	0.84991341991342	0.966666666666667	0.662477522477522	
0.323838918283363	0.697603014269681	1	0.721599511599512	
0.278780414987312	0.857744107744108	0.955555555555555	0.733973248973249	
0.476671476671477	0.659442327538303	0.977777777777778	0.86531746031746	
0.317032420177074	0.799074074074074	0.948484848484849	0.682417582417582	
0.242376950780312	0.685267857142857	1	0.678888888888889	
0.324179883439314	0.675730994152047	0.938095238095238	0.693867243867244	
0.531086087070548	0.754409171075838	1	0.632539682539683	
0.400409178634985	0.964285714285714	0.93959595959596	0.816818181818182	
0.504968654128318	0.931818181818182	0.966666666666667	0.731341991341991	
0.455322455322455	0.727132391418106	0.98	0.660659340659341	
0.376800170245292	0.8195337995338	0.933246753246753	0.722121212121212	
0.46552849567034	0.886904761904762	1	0.73017094017094	
0.308239632377563	0.869135802469136	0.897691197691198	0.663821733821734	
0.445486127326598	0.781428571428571	1	0.536111111111111	
0.542252456538171	0.828102453102453	0.953246753246753	0.625873015873016	
0.382588435899132	0.81516290726817	0.961818181818182	0.670634920634921	
0.418056643450078	0.739267676767677	0.98	0.770151515151515	
0.327492752951749	0.7405772005772	0.942857142857143	0.712862137862138	
0.482708834019508	0.869206349206349	0.981818181818182	0.626010101010101	
0.633713100624865	0.814285714285714	1	0.726111111111111	
0.321717171717172	0.852941176470588	1	0.753020868020868	
0.411806827994356	0.742331002331002	1	0.671916971916972	
0.419880050505051	0.713201798201798	0.98	0.661948051948052	
0.207752423345644	0.661005661005661	0.98	0.73008436008436	
0.445754245754246	0.778664799253035	1	0.70038961038961	
0.416305916305916	0.743809523809524	0.896969696969697	0.761818181818182	
0.493133469604058	0.843461538461538	0.977777777777778	0.806731601731602	
0.282686395028954	0.870606060606061	1	0.656929181929182	
0.73660395332222	0.69714281819545	0.966666666666667	0.673650793650794	
0.363047478836952	0.930864197530864	0.977777777777778	0.762691197691198	
0.443596218596219	0.943636363636364	0.971428571428571	0.741096681096681	
0.337806637806638	0.827316644707949	1	0.660873015873016	
0.294532407943061	0.774314574314574	0.981818181818182	0.686770451770452	
0.3996336996337	0.800274725274725	0.981818181818182	0.696883116883117	
0.497250566893424	0.768484848484848	1	0.689206349206349	
0.475552987197724	0.961818181818182	0.98	0.650627705627706	
0.463245298119248	0.960683760683761	0.966666666666667	0.72534188034188	
0.427134717134717	0.876984126984127	0.881818181818182	0.815945165945166	
0.513422848338103	0.830937118437118	0.977777777777778	0.582142857142857	
0.361959028625695	0.861109116011077	0.981818181818182	0.714675324675325	
0.500017222336089	0.929230769230769	0.981818181818182	0.772953712953713	
0.693005952380952	0.833333333333333	1	0.766763236763237	
0.330404725992961	0.820620490620491	1	0.763484848484849	
0.445394122015104	0.818083151416485	0.977777777777778	0.743571428571429	
0.360740740740741	0.802477522477522	0.918095238095238	0.697564102564103	
0.48140350877193	0.87350819115525	0.963636363636364	0.555151515151515	
0.687118437118437	0.676659451659452	0.951428571428571	0.676214896214896	
0.731443994601889	0.729100529100529	0.98	0.706493506493507	
0.604819870531945	0.77	0.977777777777778	0.687301587301587	
0.500871459694989	0.84021645021645	0.891111111111111	0.62031746031746	
0.391835522087623	0.798369963369963	0.938095238095238	0.729230769230769	
0.500750036856848	0.984615384615385	0.971428571428572	0.683650793650794	
0.409675695389981	0.883333333333333	1	0.668333333333333	
0.676472431077694	0.831428571428571	0.963636363636364	0.622777777777778	
0.574794823232323	0.895261437908497	0.944444444444444	0.7197668997669	
0.488960496479293	0.920454545454546	1	0.760555555555556	
0.690499250547677	0.807797431326843	0.971428571428572	0.646659451659452	
0.562745098039216	0.756697045644414	1	0.765541125541126	
0.356266076918251	0.88	1	0.665873015873016	
0.58350900307422	0.896818181818182	1	0.710639915639916	
0.645234395234395	0.838826728826729	1	0.786414141414141	
0.390348421995427	0.850617283950617	0.957777777777778	0.693246753246753	
0.561482334869432	0.794094794094794	1	0.754343434343434	
0.488030476784276	0.920151515151515	0.949206349206349	0.653246753246753	
0.454087579087579	0.78452380952381	0.981818181818182	0.669526584526585	
0.571428571428571	0.763529657477026	0.955555555555556	0.682011322011322	
0.524397769717967	0.803713606654783	0.981818181818182	0.684206349206349	
0.396516272946479	0.815120065120065	0.961818181818182	0.639401709401709	
0.468783321941217	0.855	0.946666666666667	0.868484848484848	
0.526558328485323	0.900595238095238	0.915873015873016	0.657777777777778	
0.423920913394598	0.823961840628507	1	0.707631257631258	
0.363694067370538	0.80969474969475	0.949206349206349	0.703809523809524	
0.486206808883706	0.961111111111111	0.949206349206349	0.722061272061272	
0.491443662920743	0.957142857142857	1	0.833100233100233	
0.533037659508248	0.851433566433566	0.928484848484848	0.731542346542347	
0.419475305141079	0.860810855810856	0.971428571428572	0.704747474747475	
0.33608961128311	0.808882475549142	0.953246753246753	0.682496947496947	
0.428871548619448	0.918461538461538	1	0.663246753246753	
0.468181818181818	0.843097643097643	1	0.60991452991453	
0.376689976689977	0.906944444444444	0.937373737373737	0.687326007326007	
0.387621715352808	0.908119658119658	0.95959595959596	0.66993783993784	
0.428618011951345	0.729422799422799	0.918095238095238	0.64523088023088	
0.544497414010596	0.928484848484848	0.966666666666667	0.669206349206349	
0.4480549319259	0.937777777777778	0.926984126984127	0.704516594516595	
0.679215521320784	0.933333333333333	0.948484848484848	0.783636363636364	
0.720838420838421	0.866666666666667	0.924444444444444	0.785897435897436	
0.623809523809524	0.90959595959596	0.966666666666667	0.70507215007215	
0.500450937950938	0.805291005291005	1	0.728095238095238	
0.550207589681274	0.928246753246753	0.957777777777778	0.725519480519481	
0.635814185814186	0.853636363636364	1	0.726024531024531	
0.382880291078205	0.938271604938272	0.966666666666667	0.675726495726496	
0.448111412397127	0.861176470588235	0.966666666666667	0.733398268398268	
0.596464646464647	0.872867132867133	0.981818181818182	0.715952380952381	
0.78125	0.861706349206349	1	0.751024531024531	
0.466666666666667	0.894318181818182	0.971428571428572	0.647234432234432	
0.422834864940128	0.857894736842105	1	0.727160062160062	
0.404681247562226	0.90952380952381	0.931024531024531	0.737539682539683	
0.477213064713065	0.821048951048951	1	0.680962370962371	
0.546022106548422	0.946666666666667	0.946666666666667	0.723266178266178	
0.453540192869461	0.886190476190476	0.98	0.786678876678877	
0.597189745463403	0.946666666666667	1	0.61023088023088	
0.537380719638784	0.94	0.91991341991342	0.717857142857143	
0.581981852570088	0.84319073083779	0.946666666666667	0.691580086580087	
0.534276695526695	0.824285714285714	1	0.734747474747475	
0.586952861952862	0.918253968253968	0.944444444444444	0.82017094017094	
0.517995642701525	0.977777777777778	1	0.713953823953824	
0.555347985347985	0.936818181818182	1	0.698174603174603	
0.30013072351782	0.880833333333333	0.957777777777778	0.693650793650794	
0.341985271672772	0.876666666666667	0.977777777777778	0.760064935064935	
0.527005847953216	0.854230769230769	0.948484848484848	0.728484848484848	
0.617919271072709	0.823809523809524	0.98	0.691883116883117	
0.42772444946358	0.964615384615385	0.971428571428572	0.713787878787879	
0.455318370355135	0.851984126984127	0.915151515151515	0.615873015873016	
0.424901895490131	0.888095238095238	1	0.741390831390831	
0.430822302697303	0.964705882352941	0.98	0.717179487179487	
0.641499023851965	0.901666666666667	0.981818181818182	0.749206349206349	
0.670394736842105	0.813369963369963	0.98	0.68477910977911	
0.438413438413438	0.931428571428571	1	0.750858585858586	
0.510643233578016	0.848333333333333	1	0.759144189144189	
0.505411255411255	0.811599511599512	0.93959595959596	0.702941502941503	
0.433350104460161	0.953246753246753	1	0.697994227994228	
0.678787878787879	0.877849927849928	1	0.700937950937951	
0.747596153846154	0.907142857142857	1	0.737525252525253	
0.436602368220015	0.800634920634921	0.957777777777778	0.756818181818182	
0.583357771260997	0.938095238095238	0.977777777777778	0.713304473304473	
0.480817883097295	0.932539682539683	1	0.643787878787879	
0.480332341269841	0.842857142857143	0.963636363636364	0.688886668886669	
0.811680911680912	0.931428571428571	1	0.738316683316683	
0.465381921999569	0.890476190476191	0.971428571428571	0.622326007326007	
0.425681215336388	0.859595959595959	1	0.635	
0.525354676283469	0.897373737373737	0.95959595959596	0.591428571428571	
0.426597212311498	0.908333333333333	0.946666666666667	0.720468975468975	
0.559153882180198	0.87968031968032	1	0.639191919191919	
0.501862207590023	0.938461538461538	0.928484848484848	0.624357864357864	
0.513228689692202	0.916043956043956	1	0.673357753357753	
0.406134762530758	0.89551282051282	0.929206349206349	0.683186813186813	
0.74521249359959	0.96	0.95959595959596	0.755620490620491	
0.517313529036516	0.89	1	0.686731601731602	
0.417813803282911	0.971428571428572	0.981818181818182	0.709377289377289	
0.580438583155974	0.951428571428571	0.98	0.768675213675214	
0.559259259259259	0.880952380952381	0.977777777777778	0.62992340992341	
0.490909090909091	0.981818181818182	0.897691197691198	0.743318903318903	
0.675565175565176	0.963636363636364	0.98	0.729588744588745	
0.442016806722689	0.888888888888889	0.938095238095238	0.704230769230769	
0.661933940242764	0.955	1	0.686428571428571	
0.627385265700483	0.832929292929293	0.981818181818182	0.786024531024531	
0.557956898174289	0.939393939393939	1	0.70984126984127	
0.501452119309262	1	0.966666666666667	0.692748917748918	
0.693484848484848	0.931623931623932	0.93959595959596	0.861770451770452	
0.513371813371813	0.977777777777778	0.918095238095238	0.750620490620491	
0.402074863083635	0.904444444444444	0.942857142857143	0.787619047619048	
0.555753968253968	0.81711915535445	0.928484848484848	0.753333333333333	
0.429548777246146	0.866493506493507	0.949206349206349	0.700897435897436	
0.587279478691243	0.955	0.981818181818182	0.795644910644911	
0.625308641975309	0.951048951048951	1	0.760548340548341	
0.445767195767196	0.94973544973545	0.981818181818182	0.708357753357753	
0.648012481345815	0.882867132867133	1	0.703484848484848	
0.536893762619715	0.907126823793491	0.915873015873016	0.768424908424908	
0.587431494336865	0.936580086580087	0.961818181818182	0.691262626262626	
0.737012987012987	0.917857142857143	0.904761904761905	0.744992784992785	
0.484730956178325	0.971428571428572	1	0.636904761904762	
0.608425525092192	0.876190476190476	0.946666666666667	0.663412698412698	
0.562225428892096	0.938636363636364	1	0.706929181929182	
0.624786324786325	1	1	0.671341991341991	
0.404992697183367	0.952777777777778	0.977777777777778	0.719786324786325	
0.616891788408816	0.975	0.942857142857143	0.744918414918415	
0.455365501638321	0.9425	0.981818181818182	0.693968253968254	
0.53727059584445	0.866244866244866	0.971428571428572	0.602222222222222	
0.594203725880744	0.917857142857143	0.926984126984127	0.699747474747475	
0.659307359307359	0.946428571428572	1	0.75991341991342	
0.493564496505673	0.915	0.966666666666667	0.727049062049062	
0.534970238095238	0.977777777777778	0.949206349206349	0.716965811965812	
0.534681850407657	0.913636363636364	1	0.676103896103896	
0.538837227681041	0.86331569664903	0.971428571428572	0.723095238095238	
0.467746347983706	0.876433566433567	1	0.776190476190476	
0.407418145174613	0.969230769230769	1	0.691888111888112	
0.51338784672118	0.961818181818182	0.981818181818182	0.698398268398268	
0.622448979591837	0.915639915639916	0.98	0.76036408036408	
0.39750566893424	0.931024531024531	0.904761904761905	0.618888888888889	
0.61906850459482	0.96	0.949206349206349	0.775367965367965	
0.428432055749129	0.950617283950617	0.95959595959596	0.671984126984127	
0.490284660872896	0.797539682539683	1	0.666969696969697	
0.53266355737286	0.96	1	0.740548340548341	
0.504273504273504	0.901138367805035	0.942857142857143	0.776239316239316	
0.680260812458955	0.9625	0.98	0.708167388167388	
0.668964646464646	0.931818181818182	0.957777777777778	0.726414141414141	
0.523394868222454	0.972222222222222	0.946666666666667	0.714105339105339	
0.380632411067194	0.946433566433566	0.963636363636364	0.739357864357864	
0.637772692601068	0.98	1	0.742710622710623	
0.623260155636468	0.897857142857143	1	0.815620490620491	
0.663366750208855	0.975	0.977777777777778	0.778888888888889	
0.64282120743034	0.896580086580087	1	0.645644910644911	
0.36791165624499	0.82991341991342	0.98	0.588412698412698	
0.436388590523929	0.92	0.931024531024531	0.662857142857143	
0.566666666666667	1	0.957777777777778	0.730250305250305	
0.685555555555556	0.872222222222222	1	0.666282051282051	
0.63974358974359	0.95	0.946666666666667	0.614444444444444	
0.621248196248196	0.907407407407407	0.96	0.727215007215007	
0.391390614216701	0.941818181818182	0.966666666666667	0.818008658008658	
0.471348063701005	0.923611111111111	0.91991341991342	0.773636363636364	
0.604245651749072	0.96	0.98	0.781024531024531	
0.546913580246914	0.981818181818182	0.91991341991342	0.677564102564103	
0.569539411206078	0.871428571428571	0.942857142857143	0.653564213564214	
0.493360805860806	0.936043956043956	1	0.744139194139194	
0.423482869843023	0.968253968253968	0.977777777777778	0.694920634920635	
0.465037593984962	0.886837606837607	0.977777777777778	0.784040404040404	
0.613949646844384	0.868484848484848	0.944444444444444	0.814025974025974	
0.528965660338209	1	1	0.736176046176046	
0.632549345817712	0.95	0.966666666666667	0.697842712842713	
0.615079365079365	0.91	0.943636363636364	0.87491341991342	
0.537619236883943	0.98	0.98	0.757777777777778	
0.508503401360544	1	0.98	0.759105339105339	
0.674751718869366	0.96	0.977777777777778	0.773095238095238	
0.493592220983525	0.935555555555555	0.98	0.773246753246753	
0.690692024025357	0.904444444444444	0.98	0.812135642135642	
0.58627602556174	0.937777777777778	0.957777777777778	0.597722832722833	
0.545478595478595	0.942857142857143	0.949206349206349	0.742777777777778	
0.547273632799949	1	0.96	0.772619047619048	
0.65525649873476	0.984615384615385	0.98	0.601428571428571	
0.617272727272727	0.971428571428572	0.966666666666667	0.810707070707071	
0.546739532019704	0.923232323232323	0.957777777777778	0.604509379509379	
0.835978835978836	1	0.909523809523809	0.711195471195471	
0.545458106327672	0.971428571428571	0.948484848484848	0.654444444444444	
0.493703656922048	0.912842712842713	0.98	0.623398268398268	
0.445217224756867	0.929059829059829	0.946666666666667	0.64954822954823	
0.521217061537259	0.981818181818182	0.977777777777778	0.783100233100233	
0.819088319088319	0.943562610229277	0.943636363636364	0.671818181818182	
0.678028404344194	0.957777777777778	1	0.670409035409035	
0.561667499167499	0.863968253968254	0.981818181818182	0.675873015873016	
0.719536613272311	0.956666666666667	1	0.731428571428571	
0.721587301587302	1	0.951428571428571	0.771818181818182	
0.550792271454036	0.881818181818182	0.966666666666667	0.615810855810856	
0.459937351440619	1	0.966666666666667	0.816428571428572	
0.52008547008547	0.952777777777778	0.971428571428572	0.613484848484849	
0.470193001443001	0.963636363636364	0.966666666666667	0.611969696969697	
0.648014686337055	0.863333333333333	0.98	0.736493506493507	
0.631558541204127	1	1	0.610079365079365	
0.6244708994709	0.911111111111111	1	0.71538961038961	
0.612599206349206	0.919607843137255	0.971428571428572	0.750555555555556	
0.575384673805726	1	0.971428571428571	0.722357087357087	
0.51204333585286	0.98	0.966666666666667	0.676770451770452	
0.867063492063492	1	0.981818181818182	0.692222222222222	
0.611837658449286	0.897777777777778	1	0.66021645021645	
0.738095238095238	0.840555555555556	0.957777777777778	0.716659451659452	
0.579309116809117	0.908484848484849	0.95959595959596	0.740064935064935	
0.550465179366781	0.957777777777778	0.963636363636364	0.610873015873016	
0.669398435702784	0.981818181818182	0.93959595959596	0.700064935064935	
0.519884683642544	0.93	0.961818181818182	0.747862137862138	
0.604945054945055	0.975	1	0.642691197691198	
0.395217209690894	0.971428571428572	0.981818181818182	0.711818181818182	
0.609408793820559	0.984615384615385	0.966666666666667	0.704454434454434	
0.571739766081871	0.958333333333333	1	0.790555555555556	
0.544671812106023	0.954761904761905	0.920634920634921	0.826262626262626	
0.662650312650313	0.975	0.98	0.647380952380952	
0.495288671023965	0.96	0.977777777777778	0.687087912087912	
0.73030303030303	0.98	0.981818181818182	0.735151515151515	
0.711463844797178	1	0.981818181818182	0.719733044733045	
0.75974025974026	0.944211344211344	0.977777777777778	0.648246753246753	
0.6125042999656	0.955555555555555	0.909523809523809	0.697960927960928	
0.591003733108996	0.921969696969697	1	0.678333333333333	
0.743210840955202	1	0.977777777777778	0.784382284382284	
0.581531954887218	0.927777777777778	0.957777777777778	0.697881562881563	
0.524895572263993	0.984615384615385	1	0.788246753246753	
0.718295454545455	0.925	0.977777777777778	0.620238095238095	
0.530140692640693	0.963636363636364	1	0.70482683982684	
0.405936468309693	0.981481481481482	0.948484848484848	0.665707070707071	
0.537317874572776	1	0.971428571428572	0.666024531024531	
0.617300738477209	0.983333333333333	0.98	0.622301587301587	
0.609530175706646	1	0.981818181818182	0.653953823953824	
0.761463844797178	0.942760942760943	0.98	0.806520146520146	
0.539901960784314	0.941666666666667	0.938095238095238	0.792525252525253	
0.578835978835979	0.918095238095238	0.900634920634921	0.814761904761905	
0.722462722462722	0.868398268398268	0.971428571428572	0.703253968253968	
0.552216037930324	0.911111111111111	0.873650793650794	0.843095238095238	
0.594514064611736	0.961279461279461	0.971428571428572	0.674430014430014	
0.524587612822907	0.941111111111111	0.971428571428572	0.652842712842713	
0.555994449099288	0.975	0.981818181818182	0.675050505050505	
0.544490231990232	0.956818181818182	0.977777777777778	0.704382284382284	
0.49327701284223	0.97979797979798	0.971428571428572	0.681366411366411	
0.709379509379509	0.963333333333333	0.948484848484848	0.784444444444444	
0.58794466403162	0.907777777777778	1	0.638437118437119	
0.697204184704185	0.942857142857143	0.902453102453102	0.759290709290709	
0.583539267749794	1	0.935064935064935	0.675873015873016	
0.653164048227987	0.915873015873016	0.977777777777778	0.764040404040404	
0.651007326007326	0.915897435897436	0.938095238095238	0.703398268398268	
0.589872219329747	0.951282051282051	0.961818181818182	0.705555555555555	
0.607936507936508	1	0.977777777777778	0.675873015873016	
0.711293859649123	0.95959595959596	0.963636363636364	0.743278388278388	
0.857948717948718	0.977777777777778	0.981818181818182	0.759191919191919	
0.516529532551538	0.952020202020202	0.933333333333333	0.708424908424909	
0.816519877181642	1	1	0.748095238095238	
0.694875222816399	0.89991341991342	1	0.722710622710623	
0.603445512820513	1	0.953246753246753	0.805454545454545	
0.6875	0.941818181818182	0.966666666666667	0.669615384615385	
0.690664128899423	0.983333333333333	0.95959595959596	0.669786324786325	
0.677947052947053	0.963636363636364	0.957777777777778	0.755810855810856	
0.594611528822055	0.935897435897436	0.93959595959596	0.618650793650794	
0.656509462759463	1	1	0.721414141414141	
0.626736226736227	0.966666666666667	0.955555555555555	0.740724275724276	
0.606698564593302	0.953846153846154	1	0.731282051282051	
0.693068181818182	1	0.944444444444444	0.783901098901099	
0.65542328042328	0.961818181818182	0.953246753246753	0.736176046176046	
0.557969101799025	1	0.944444444444444	0.722390942390942	
0.663139329805996	0.898888888888889	1	0.689357864357864	
0.788194444444444	1	0.981818181818182	0.66459595959596	
0.592246173831852	0.963333333333333	1	0.683888888888889	
0.704761904761905	0.942857142857143	0.981818181818182	0.608888888888889	
0.875987933634993	1	0.98	0.607306582306582	
0.654359925788497	1	0.966666666666667	0.697929292929293	
0.663003663003663	1	1	0.627777777777778	
0.888888888888889	0.955555555555555	0.943636363636364	0.75491341991342	
0.741358024691358	1	1	0.61020202020202	
0.529077271934415	0.933333333333333	0.966666666666667	0.752715617715618	
0.835700362016152	1	1	0.706770451770452	
0.516526163894585	0.981818181818182	0.977777777777778	0.733888888888889	
0.810213243546577	0.944444444444444	0.98	0.758412698412698	
0.800240971809599	0.946428571428572	0.945454545454546	0.682049062049062	
0.703188910619251	1	1	0.756017316017316	
0.732600732600733	1	1	0.704747474747475	
0.754657687991021	0.96	1	0.697539682539683	
0.673828277749846	0.955	0.966666666666667	0.747326007326007	
0.804497354497354	0.977777777777778	1	0.648484848484848	
0.75762987012987	1	0.948484848484848	0.702393162393162	
0.890718954248366	1	0.971428571428572	0.724235764235764	
0.681367771280052	0.925	0.911111111111111	0.820567765567766	
0.555624313957647	1	0.971428571428572	0.642424242424242	
0.68998556998557	0.937777777777778	0.90952380952381	0.708992673992674	
0.71036075036075	0.951282051282051	1	0.823246753246753	
0.685236985236985	1	0.971428571428572	0.680659340659341	
0.820089786756453	1	0.971428571428571	0.779040404040404	
0.656655844155844	0.98	0.98	0.71524309024309	
0.638063492063492	1	0.98	0.697301587301587	
0.748858808507931	0.981818181818182	1	0.662056277056277	
0.764902998236332	0.975	0.981818181818182	0.681349206349206	
0.760998877665544	1	0.977777777777778	0.751043956043956	
0.687777777777778	0.977777777777778	1	0.69018315018315	
0.763787878787879	1	0.945454545454546	0.770873015873016	
0.795944135229849	0.983333333333333	0.951428571428571	0.749043179043179	
0.723311688311688	1	1	0.763100233100233	
0.773106060606061	0.98	0.963636363636364	0.70033966033966	
0.798886298886299	0.98	1	0.713766788766789	
0.709338118022329	1	1	0.730873015873016	
0.743406593406594	0.98	0.966666666666667	0.768802308802309	
0.694934640522876	0.955	1	0.653160173160173	
0.626739926739927	1	0.98	0.68482683982684	
0.713371813371813	1	1	0.730406815406816	
0.881111111111111	1	0.977777777777778	0.786116106116106	
0.717428571428571	0.981818181818182	0.955555555555556	0.690858585858586	
0.845238095238095	0.933333333333333	1	0.708398268398268	
0.777777777777778	1	0.977777777777778	0.708463203463203	
0.722790404040404	0.946428571428572	1	0.733722943722944	
0.777248677248677	0.97979797979798	1	0.689456654456654	
0.86989010989011	1	0.913333333333333	0.717987012987013	
0.755488215488216	1	0.971428571428572	0.777140637140637	
0.84710351377018	1	0.981818181818182	0.621327561327561	
0.878114478114478	0.955555555555555	1	0.725409035409035	
0.773232323232323	1	0.981818181818182	0.654119769119769	
0.801082251082251	0.981818181818182	1	0.756825396825397	
0.875829725829726	0.971428571428572	0.963636363636364	0.783913308913309	
0.914122914122914	1	1	0.658913308913309	
0.905291005291005	1	0.966666666666667	0.692222222222222	
0.791941391941392	1	0.957777777777778	0.743802308802309	
0.874074074074074	0.944444444444444	0.924444444444444	0.634761904761905	
0.865319865319865	0.966666666666667	0.966666666666667	0.635873015873016	
0.811697330447331	1	0.981818181818182	0.7402553002553	
0.711659451659452	1	1	0.688160173160173	
0.778515227462596	0.975	0.966666666666667	0.793253968253968	
0.742433356117567	1	0.966666666666667	0.673145743145743	
0.818095238095238	0.983333333333333	0.966666666666667	0.751818181818182	
0.878636363636364	0.977777777777778	0.95959595959596	0.663167388167388	
0.758064158064158	0.977777777777778	0.98	0.801580086580087	
0.826818181818182	1	0.98	0.678204018204018	
0.868253968253968	0.963636363636364	0.971428571428572	0.761190476190476	
0.906493506493507	0.971428571428572	1	0.632220002220002	
0.793399810066477	0.971428571428572	0.926984126984127	0.657326007326007	
0.910662177328844	0.98	0.971428571428572	0.679377289377289	
0.815555555555555	0.971428571428572	0.977777777777778	0.65454822954823	
0.812698412698413	0.926666666666667	1	0.748165168165168	
0.8997668997669	0.981818181818182	0.971428571428571	0.703583638583639	
0.854356060606061	1	0.966666666666667	0.792306582306582	
0.833611111111111	0.944444444444444	0.981818181818182	0.691996336996337	
0.78041403041403	0.923484848484849	0.971428571428572	0.768412698412698	
0.838961038961039	0.96	0.977777777777778	0.776984126984127	
0.740089355089355	0.951428571428571	0.981818181818182	0.789675324675325	
0.736059002725669	0.937777777777778	0.977777777777778	0.723588633588634	
0.882941176470588	1	0.904761904761905	0.827929292929293	
0.825897435897436	0.977777777777778	1	0.782539682539683	
0.861111111111111	0.981818181818182	1	0.80998334998335	
0.84965034965035	0.971428571428572	0.966666666666667	0.719144189144189	
0.831768231768232	1	0.929206349206349	0.715486180486181	
0.866666666666667	0.98	0.98	0.68966810966811	
0.823419660261766	1	0.98	0.730699855699856	
0.837777777777778	0.95	1	0.696849816849817	
0.777857142857143	0.975	0.977777777777778	0.697472527472527	
0.899211899211899	1	0.966666666666667	0.663636363636364	
0.823713323713324	1	0.977777777777778	0.725647130647131	
0.863095238095238	0.971428571428572	0.922857142857143	0.686190476190476	
0.874603174603175	1	0.90952380952381	0.831111111111111	
0.813042409946435	0.951428571428571	0.951428571428571	0.728246753246753	
0.887878787878788	1	0.977777777777778	0.726666666666667	
0.856428571428571	0.971428571428571	0.957777777777778	0.778033078033078	
0.806666666666667	1	1	0.673997668997669	
0.811507936507937	1	0.977777777777778	0.758398268398268	
0.88034188034188	0.940659340659341	0.98	0.693675213675214	
0.831861348528015	0.95	0.98	0.672539682539683	
0.75265664160401	0.923636363636364	0.966666666666667	0.738636363636364	
0.924761904761905	0.98	1	0.689444444444445	
0.871048951048951	1	0.948484848484848	0.656837606837607	
0.823571428571429	0.981818181818182	0.971428571428571	0.696043956043956	
0.834786324786325	1	0.946666666666667	0.695692640692641	
0.863636363636364	1	0.977777777777778	0.651532356532357	
0.942857142857143	1	0.93959595959596	0.67989898989899	
0.829982363315697	0.98	0.951428571428571	0.758405483405484	
0.832777777777778	0.98	1	0.734810744810745	
0.770546737213404	1	1	0.850151515151515	
0.844005847953216	0.975	1	0.712929292929293	
0.939057239057239	0.984615384615385	0.966666666666667	0.611428571428571	
0.877248677248677	1	0.953246753246753	0.701580086580087	
0.807564935064935	1	1	0.652373737373737	
0.812345679012346	0.971428571428571	0.971428571428572	0.722905982905983	
0.89	0.977777777777778	0.981818181818182	0.718821733821734	
0.813888888888889	0.975308641975309	0.96	0.686775446775447	
1	0.947530864197531	0.981818181818182	0.649206349206349	
0.888888888888889	1	0.957777777777778	0.708008658008658	
0.95	1	1	0.690555555555556	
0.795810855810856	0.966666666666667	0.981818181818182	0.593405483405483	
0.934761904761905	1	0.971428571428572	0.736623931623932	
0.81547619047619	0.975	0.938095238095238	0.750634920634921	
0.861904761904762	1	0.84031746031746	0.733650793650794	
0.930864197530864	0.907777777777778	0.963636363636364	0.781433566433566	
0.881481481481481	1	0.977777777777778	0.738424908424908	
0.805796425796426	0.981818181818182	0.937777777777778	0.739473859473859	
0.833333333333333	0.966666666666667	0.981818181818182	0.739509379509379	
0.865783889313301	1	0.981818181818182	0.770897435897436	
0.95	1	0.966666666666667	0.636599511599512	
0.840873015873016	1	1	0.70049839049839	
0.878787878787879	1	0.98	0.715714285714286	
0.931818181818182	1	0.971428571428572	0.696507936507937	
0.957777777777778	0.96	0.977777777777778	0.696587301587302	
0.91	1	0.961818181818182	0.768013653013653	
0.9002553002553	0.95	0.944444444444444	0.660952380952381	
0.968253968253968	1	1	0.678484848484848	
0.833160173160173	1	0.955555555555555	0.742460317460317	
0.888007054673721	1	0.971428571428572	0.691731601731602	
0.948333333333333	0.983333333333333	0.977777777777778	0.791108891108891	
0.887777777777778	0.957777777777778	1	0.706969696969697	
0.872222222222222	1	0.977777777777778	0.697936507936508	
1	1	0.98	0.756433566433566	
0.95016835016835	1	0.96	0.708398268398268	
0.886944444444444	1	0.966666666666667	0.7202553002553	
0.898095238095238	0.975	0.938095238095238	0.708484848484848	
0.923333333333333	0.933333333333333	0.971428571428571	0.766103896103896	
0.898290598290598	0.971428571428571	0.926262626262626	0.727246642246642	
0.897630147630148	0.975	1	0.637802197802198	
0.855555555555556	0.977777777777778	1	0.64021645021645	
0.850151515151515	1	0.981818181818182	0.844211344211344	
0.883333333333333	0.981818181818182	0.966666666666667	0.741190476190476	
1	0.913675213675214	0.961818181818182	0.715	
0.88	1	0.98	0.764675324675325	
0.87982683982684	1	0.971428571428572	0.719466644466644	
0.907539682539683	1	0.966666666666667	0.751897546897547	
0.931282051282051	1	0.913246753246753	0.682857142857143	
0.742661913250149	1	0.938095238095238	0.643636363636364	
0.95	1	0.949206349206349	0.72551282051282	
0.953246753246753	1	0.953246753246753	0.672857142857143	
0.928571428571428	1	1	0.668961038961039	
0.938636363636364	1	0.95959595959596	0.799126984126984	
0.927777777777778	1	0.966666666666667	0.737802197802198	
0.886580086580087	1	0.966666666666667	0.743722943722944	
0.952777777777778	0.98	0.971428571428571	0.790406815406815	
0.936507936507937	0.98	0.93959595959596	0.827075702075702	
0.87317620650954	1	0.971428571428571	0.668701298701299	
0.920634920634921	0.97979797979798	0.957777777777778	0.671666666666667	
0.785917785917786	0.925	0.971428571428572	0.727539682539682	
0.906172839506173	0.981818181818182	0.981818181818182	0.656351981351981	
0.897857142857143	0.98	0.981818181818182	0.761585081585082	
0.931818181818182	1	0.951428571428571	0.73491341991342	
0.935	1	0.971428571428572	0.677624042624043	
0.883846153846154	1	1	0.594112554112554	
0.953086419753086	1	0.953246753246753	0.751909756909757	
0.882539682539683	0.983333333333333	0.908484848484848	0.722222222222222	
0.935	0.961111111111111	0.977777777777778	0.793939393939394	
0.907936507936508	1	0.957777777777778	0.713715728715729	
0.923484848484848	1	0.96	0.661111111111111	
0.944230769230769	1	0.98	0.601010101010101	
0.948484848484848	0.981818181818182	0.918095238095238	0.673953823953824	
0.935555555555556	0.953246753246753	0.98	0.772294372294372	
0.945679012345679	1	0.981818181818182	0.684442224442224	
0.917948717948718	1	0.928484848484848	0.743583638583639	
0.852222222222222	0.957777777777778	0.949206349206349	0.716282051282051	
0.968253968253968	1	0.955555555555555	0.759761904761905	
0.938888888888889	0.931818181818182	0.966666666666667	0.682936507936508	
0.893333333333333	1	0.953246753246753	0.771111111111111	
0.912962962962963	0.961818181818182	0.977777777777778	0.818100233100233	
0.896666666666667	0.977777777777778	0.961818181818182	0.825322455322455	
0.927777777777778	1	1	0.683246753246753	
0.809259259259259	1	0.981818181818182	0.626214896214896	
0.881024531024531	1	1	0.684057609057609	
0.935	1	0.98	0.672631257631258	
0.896031746031746	1	0.977777777777778	0.781010101010101	
0.877248677248677	1	0.911428571428571	0.696897546897547	
0.914285714285714	0.98	0.926984126984127	0.77484126984127	
0.841818181818182	1	0.977777777777778	0.718667998667999	
0.821340388007055	0.971428571428572	0.942857142857143	0.710627705627706	
0.977777777777778	1	0.977777777777778	0.65018315018315	
0.953703703703704	1	0.944444444444444	0.801452991452991	
0.885521885521885	1	0.955555555555556	0.642222222222222	
0.925274725274725	0.984615384615385	0.977777777777778	0.745659340659341	
0.920634920634921	1	0.966666666666667	0.680644910644911	
0.963333333333333	1	0.946666666666667	0.906666666666667	
0.896428571428572	1	0.938095238095238	0.677222222222222	
0.941818181818182	0.98	0.949206349206349	0.608105228105228	
0.971428571428571	0.98	0.98	0.627477522477523	
0.975	0.975	0.951428571428572	0.730488400488401	
0.90959595959596	1	1	0.73003663003663	
0.872222222222222	1	1	0.644613164613165	
0.972222222222222	0.977777777777778	1	0.671135531135531	
0.93459595959596	0.98	0.966666666666667	0.665707070707071	
0.896428571428572	0.933333333333333	1	0.642373737373737	
0.918253968253968	1	0.884761904761905	0.723747363747364	
0.913821733821734	1	0.966666666666667	0.652590187590188	
0.921367521367521	1	1	0.675488400488401	
0.98	1	0.981818181818182	0.642842712842713	
1	0.96	1	0.637777777777778	
0.875730413377472	1	0.981818181818182	0.686414141414141	
0.971428571428571	1	1	0.76952380952381	
0.931428571428571	1	0.966666666666667	0.716214896214896	
0.96875	1	1	0.670406815406815	
0.955	1	1	0.680567765567765	
0.919230769230769	1	0.977777777777778	0.671414141414141	
0.977777777777778	1	1	0.639444444444444	
0.937777777777778	0.933333333333333	1	0.662301587301587	
0.937373737373737	1	0.966666666666667	0.763740148740149	
0.977777777777778	0.942857142857143	0.98	0.71957264957265	
0.933333333333333	1	1	0.661135531135531	
0.893461538461538	1	1	0.797142857142857	
0.868398268398268	1	0.949206349206349	0.671580086580087	
0.848333333333333	1	0.971428571428572	0.692662337662338	
0.928246753246753	1	0.98	0.57454822954823	
0.934382284382284	1	0.926666666666667	0.740151515151515	
0.903246753246753	1	0.949206349206349	0.747359307359307	
0.949206349206349	1	0.971428571428571	0.748686868686869	
0.922008547008547	1	0.971428571428572	0.745606060606061	
0.915	0.955	0.924444444444444	0.66031746031746	
1	1	0.966666666666667	0.663754578754579	
0.940476190476191	1	1	0.73959595959596	
1	1	0.981818181818182	0.653621933621934	
0.8747668997669	1	0.98	0.72989898989899	
1	1	1	0.753437118437118	
0.977777777777778	1	1	0.752311577311577	
1	0.983333333333333	0.933333333333333	0.693290598290598	
1	1	0.977777777777778	0.807381507381507	
0.891666666666667	1	0.981818181818182	0.626373626373626	
0.9497668997669	1	0.948484848484848	0.714377289377289	
0.948484848484849	1	1	0.716190476190476	
0.966666666666667	1	1	0.607985347985348	
0.961818181818182	1	0.90952380952381	0.68	
0.969230769230769	0.956818181818182	0.971428571428571	0.761669441669442	
0.973333333333333	1	0.95959595959596	0.775878010878011	
0.926984126984127	0.933333333333333	0.966666666666667	0.739119769119769	
0.928246753246753	0.96	0.98	0.82530303030303	
1	0.933333333333333	1	0.691493506493506	
0.96	0.98	0.966666666666667	0.764523809523809	
0.897691197691198	1	0.966666666666667	0.677564102564102	
0.96	0.94	0.95959595959596	0.676703296703297	
0.95	1	0.971428571428572	0.724302919302919	
0.933333333333333	0.975	0.949206349206349	0.717393162393162	
0.956818181818182	1	0.96	0.753073593073593	
0.920918587585254	1	0.963636363636364	0.768318903318903	
0.981818181818182	0.98	0.966666666666667	0.642326007326007	
0.969230769230769	0.975	0.957777777777778	0.706214896214896	
0.975	1	1	0.643888888888889	
0.956818181818182	1	0.981818181818182	0.725634920634921	
1	0.95	0.949206349206349	0.711176046176046	
0.96	1	0.951428571428571	0.784761904761905	
0.905723905723906	1	0.95959595959596	0.640079365079365	
0.833333333333333	1	0.93030303030303	0.775726495726496	
0.975	1	0.915873015873016	0.752770562770563	
0.906818181818182	1	0.977777777777778	0.671867021867022	
0.952777777777778	1	0.928484848484848	0.690707070707071	
0.984615384615385	0.98	0.98	0.69450937950938	
0.977777777777778	1	0.96	0.682636252636253	
0.983333333333333	0.981818181818182	0.933246753246753	0.713978243978244	
0.971428571428572	1	0.966666666666667	0.655757575757576	
1	0.975	0.981818181818182	0.676984126984127	
0.938095238095238	1	1	0.798484848484849	
0.983333333333333	1	0.981818181818182	0.682939282939283	
0.977777777777778	1	1	0.703807303807304	
0.866493506493507	1	0.957777777777778	0.687311577311577	
0.928826728826729	1	1	0.643095238095238	
0.952777777777778	1	0.966666666666667	0.773809523809524	
0.953246753246753	1	0.938095238095238	0.717756132756133	
0.981818181818182	1	0.924675324675325	0.756190476190476	
0.95	1	0.946666666666667	0.828266178266178	
0.981818181818182	1	0.966666666666667	0.693008658008658	
0.977777777777778	0.981818181818182	0.966666666666667	0.66950937950938	
0.975	1	0.953246753246753	0.726580086580087	
0.971428571428571	1	0.98	0.702691197691198	
0.933333333333333	1	0.95959595959596	0.748437118437118	
0.938888888888889	0.981818181818182	0.953246753246753	0.727643467643468	
0.954761904761905	1	0.926984126984127	0.817929292929293	
0.983333333333333	1	0.948484848484848	0.709211344211344	
0.911428571428571	1	1	0.702547452547453	
0.935897435897436	1	0.966666666666667	0.692287157287157	
1	1	1	0.618080808080808	
0.929206349206349	1	1	0.697604617604618	
0.945454545454545	0.975	0.946666666666667	0.707287157287157	
0.971428571428572	0.98	0.949206349206349	0.694382284382284	
0.876190476190476	1	0.966666666666667	0.674211344211344	
0.968253968253968	1	0.944444444444444	0.709033189033189	
0.984615384615385	1	0.892929292929293	0.644242424242424	
0.975	1	0.98	0.734040404040404	
1	1	0.933333333333333	0.697629037629038	
0.983333333333333	0.984615384615385	0.981818181818182	0.649057609057609	
0.926984126984127	1	1	0.753311688311688	
1	0.95	0.971428571428572	0.824206349206349	
0.983333333333333	0.95	1	0.72950937950938	
0.888888888888889	1	1	0.644206349206349	
0.916043956043956	1	0.971428571428572	0.735726495726496	
0.925	1	0.961818181818182	0.688722943722944	
0.97037037037037	1	0.943636363636364	0.700421245421245	
0.981818181818182	1	1	0.768424908424908	
0.91	1	0.971428571428571	0.797301587301587	
0.981818181818182	0.983333333333333	0.938095238095238	0.724191919191919	
0.966666666666667	1	1	0.613318903318903	
1	1	0.966666666666667	0.676493506493507	
1	1	0.93030303030303	0.758088023088023	
0.846666666666666	0.981818181818182	0.966666666666667	0.71989898989899	
0.984615384615385	1	0.966666666666667	0.601428571428571	
0.898484848484849	1	1	0.667438672438672	
0.890555555555556	1	0.966666666666667	0.737445887445887	
1	0.977777777777778	0.971428571428572	0.659761904761905	
0.931818181818182	1	0.971428571428572	0.786818181818182	
0.942857142857143	1	0.971428571428571	0.697691197691198	
0.977777777777778	1	0.981818181818182	0.741349206349206	
1	1	1	0.812691197691198	
1	1	1	0.722366522366522	
0.933333333333333	1	0.971428571428572	0.675541125541126	
1	1	0.922222222222222	0.647770562770563	
0.952777777777778	1	0.946666666666667	0.719050394050394	
1	0.966666666666667	0.957777777777778	0.675873015873016	
0.971428571428572	1	0.948484848484848	0.664126984126984	
1	1	0.977777777777778	0.719295704295704	
0.938095238095238	1	1	0.691111111111111	
0.927472527472527	0.981818181818182	0.944444444444444	0.690488400488401	
0.971428571428572	1	1	0.66031746031746	
0.904444444444444	1	0.977777777777778	0.698326118326118	
1	1	0.98	0.684206349206349	
0.961818181818182	1	0.966666666666667	0.773675213675214	
0.899313649313649	1	0.971428571428572	0.684930624930625	
0.971428571428571	1	0.893333333333333	0.740151515151515	
1	1	1	0.766373626373626	
1	1	0.977777777777778	0.675772005772006	
0.975	1	0.961818181818182	0.655382395382395	
0.961111111111111	1	0.981818181818182	0.815786435786436	
0.977777777777778	1	0.928484848484848	0.764761904761905	
1	1	0.98	0.713913308913309	
0.984615384615385	1	0.961818181818182	0.757215007215007	
0.981818181818182	0.98	1	0.727842712842713	
1	1	0.981818181818182	0.794040404040404	
0.966666666666667	1	0.971428571428572	0.655726495726496	
0.948484848484848	1	0.91959595959596	0.763874458874459	
0.984615384615385	1	0.963636363636364	0.747186147186147	
0.975	0.98	0.957777777777778	0.718080808080808	
1	1	1	0.722604617604618	
0.98	1	0.966666666666667	0.811346986346986	
0.977777777777778	1	0.981818181818182	0.62462037962038	
0.902777777777778	1	1	0.792676767676768	
1	1	0.938095238095238	0.718802308802309	
0.971428571428572	1	0.951428571428571	0.754932844932845	
0.957777777777778	1	1	0.721341991341991	
0.98	0.966666666666667	0.922857142857143	0.673013653013653	
0.981818181818182	1	0.938095238095238	0.688730158730159	
0.95	1	0.966666666666667	0.706916971916972	
0.981818181818182	0.977777777777778	0.966666666666667	0.59530303030303	
0.975	0.983333333333333	1	0.656666666666667	
0.959615384615385	1	0.98	0.763874458874459	
0.95	1	0.971428571428572	0.746580086580087	
1	1	1	0.61	
0.983333333333333	1	0.977777777777778	0.685726495726496	
0.955555555555555	1	0.924444444444444	0.718650793650794	
0.949206349206349	1	0.981818181818182	0.657777777777778	
1	1	0.898095238095238	0.727946497946498	
0.98	1	0.922857142857143	0.726031746031746	
0.98	0.983333333333333	0.966666666666667	0.710738705738706	
0.98	1	0.961818181818182	0.801414141414141	
0.981481481481482	0.981818181818182	0.966666666666667	0.676282051282051	
0.948484848484848	1	0.946666666666667	0.737564102564103	
0.981818181818182	0.977777777777778	1	0.673650793650794	
1	1	0.981818181818182	0.602777777777778	
0.975	1	0.966666666666667	0.709761904761905	
0.971428571428572	1	1	0.680810855810856	
0.966666666666667	0.983333333333333	0.961818181818182	0.683095238095238	
0.942857142857143	1	0.942857142857143	0.743802308802309	
0.959615384615385	1	1	0.759025974025974	
1	1	0.946666666666667	0.759285714285714	
0.975	1	0.948484848484848	0.703867243867244	
0.975	1	1	0.753968253968254	
0.96	1	0.884761904761905	0.788787878787879	
0.971428571428571	1	0.977777777777778	0.772246642246642	
0.966666666666667	1	0.918095238095238	0.666428571428571	
0.953246753246753	1	0.966666666666667	0.649858474858475	
1	1	0.931024531024531	0.743307803307803	
0.966666666666667	1	0.977777777777778	0.6254884004884	
1	1	0.957777777777778	0.738701298701299	
0.98	1	0.891111111111111	0.667539682539683	
0.963636363636364	1	1	0.727228327228327	
0.983333333333333	1	1	0.758266178266178	
0.971428571428571	1	0.971428571428571	0.705830280830281	
0.959259259259259	1	0.971428571428572	0.734206349206349	
1	1	0.95959595959596	0.645151515151515	
0.963636363636364	1	0.966666666666667	0.711746031746032	
0.965151515151515	0.98	0.977777777777778	0.656414141414141	
0.98	1	1	0.668504273504273	
0.975	1	1	0.617676767676768	
1	1	0.977777777777778	0.776024531024531	
1	1	0.915151515151515	0.755238095238095	
1	0.983333333333333	0.98	0.740639915639916	
1	1	0.981818181818182	0.73959595959596	
0.981818181818182	1	0.966666666666667	0.788759573759574	
0.983333333333333	1	0.977777777777778	0.78959595959596	
0.927777777777778	0.98	0.981818181818182	0.771837606837607	
0.975	1	0.953246753246753	0.729761904761905	
0.984615384615385	1	1	0.675873015873016	
0.983333333333333	1	1	0.659786324786325	
0.95	1	0.953246753246753	0.714615384615385	
1	1	0.971428571428572	0.744786324786325	
0.943333333333333	1	0.953246753246753	0.715830280830281	
1	1	1	0.770555555555556	
0.969230769230769	0.98	0.981818181818182	0.758316683316683	
1	1	0.966666666666667	0.778650793650794	
1	1	0.946666666666667	0.767393162393162	
1	1	1	0.737087912087912	
0.966666666666667	0.975	0.981818181818182	0.667326007326007	
0.975	1	0.981818181818182	0.687373737373737	
1	1	1	0.677008547008547	
1	1	0.981818181818182	0.69538961038961	
1	1	0.946666666666667	0.717867132867133	
1	1	0.946666666666667	0.703028083028083	
1	1	1	0.737222222222222	
1	1	0.948484848484848	0.720634920634921	
1	1	0.981818181818182	0.675639915639916	
0.977777777777778	1	0.98	0.685	
0.95	1	0.966666666666667	0.687914862914863	
0.966666666666667	1	1	0.59531746031746	
1	1	0.953246753246753	0.723008658008658	
1	1	0.971428571428572	0.641924741924742	
1	1	0.918095238095238	0.726452991452991	
1	1	0.98	0.759040404040404	
1	1	1	0.674120879120879	
0.983333333333333	1	0.938095238095238	0.669230769230769	
1	1	0.89991341991342	0.717539682539682	
0.98	1	0.926262626262626	0.738968253968254	
1	1	0.949206349206349	0.686652236652237	
0.975	1	0.946666666666667	0.719444444444444	
1	1	0.971428571428572	0.586969696969697	
0.975	1	0.966666666666667	0.870805860805861	
1	1	0.95959595959596	0.660659340659341	
1	1	0.981818181818182	0.707525252525252	
1	1	0.938095238095238	0.69030303030303	
0.975	0.98	0.971428571428571	0.723437118437118	
1	1	1	0.705937950937951	
1	1	0.981818181818182	0.716452991452991	
1	1	0.946666666666667	0.723398268398268	
1	1	0.931024531024531	0.653484848484848	
1	1	0.966666666666667	0.674191919191919	
1	0.96	0.933333333333333	0.721731601731602	
1	1	1	0.764978354978355	
1	1	0.948484848484848	0.672698412698413	
1	1	1	0.73968253968254	
1	1	1	0.669271284271284	
0.983333333333333	1	0.98	0.695064935064935	
0.961818181818182	1	1	0.788008658008658	
1	1	0.938095238095238	0.71952380952381	
0.956043956043956	1	1	0.759627594627595	
1	1	0.971428571428572	0.753028083028083	
1	1	1	0.633650793650794	
0.984615384615385	1	0.981818181818182	0.798008658008658	
1	1	0.941818181818182	0.717862137862138	
1	1	0.944444444444444	0.624675324675325	
0.977777777777778	1	0.933333333333333	0.698675213675214	
0.981818181818182	1	0.981818181818182	0.73982683982684	
0.933333333333333	1	1	0.706428571428571	
0.931428571428571	1	0.96	0.795468975468975	
1	1	0.951428571428571	0.68989898989899	
1	1	0.941414141414141	0.583809523809524	
0.981481481481482	1	0.971428571428571	0.708095238095238	
1	1	0.971428571428572	0.668253968253968	
1	1	1	0.74030303030303	
0.98	1	1	0.727643467643468	
1	1	0.944444444444444	0.624206349206349	
1	0.98	1	0.689139194139194	
0.981818181818182	1	0.957777777777778	0.712715617715618	
0.951048951048951	1	0.966666666666667	0.73	
0.977777777777778	1	0.981818181818182	0.711645021645022	
0.966666666666667	1	0.955555555555555	0.713266178266178	
0.971428571428572	1	0.966666666666667	0.615952380952381	
0.965151515151515	0.98	0.981818181818182	0.661849816849817	
1	1	0.977777777777778	0.756190476190476	
0.946428571428572	1	0.971428571428572	0.710555555555556	
0.981818181818182	1	0.98	0.703809523809524	
0.971428571428572	1	0.977777777777778	0.681507936507937	
1	1	0.981818181818182	0.654362859362859	
1	1	0.98	0.746565656565657	
0.983333333333333	1	1	0.644276279276279	
0.977777777777778	1	0.95959595959596	0.587777777777778	
1	1	0.95959595959596	0.823052503052503	
0.977777777777778	1	1	0.64005772005772	
0.923484848484848	1	1	0.652087912087912	
1	1	0.98	0.772160062160062	
1	1	1	0.746414141414141	
0.941818181818182	1	1	0.695620490620491	
1	1	0.98	0.826703296703297	
0.966666666666667	1	1	0.75959595959596	
1	1	0.98	0.642777777777778	
1	1	0.966666666666667	0.727862137862138	
1	1	0.942857142857143	0.667301587301587	
1	1	0.977777777777778	0.763350538350538	
0.952777777777778	1	0.957777777777778	0.680793650793651	
0.977777777777778	1	0.971428571428572	0.740937950937951	
1	1	0.977777777777778	0.777311577311577	
1	1	1	0.642539682539683	
0.918095238095238	1	0.944444444444444	0.729444444444444	
0.977777777777778	1	0.977777777777778	0.683492063492063	
1	1	1	0.712373737373737	
1	1	0.971428571428572	0.783477633477634	
1	1	1	0.783502053502054	
1	1	1	0.775173715173715	
0.983333333333333	1	1	0.686974691974692	
1	1	1	0.680952380952381	
1	1	0.942857142857143	0.643809523809524	
0.971428571428572	1	0.961818181818182	0.607698412698413	
1	1	1	0.778973248973249	
1	1	1	0.654357864357864	
1	1	1	0.666984126984127	
1	1	0.981818181818182	0.767142857142857	
1	1	0.98	0.75031524031524	
1	1	1	0.800064935064935	
0.96	1	0.98	0.693095238095238	
1	1	0.971428571428572	0.655858585858586	
1	1	0.882539682539683	0.719206349206349	
0.955	1	0.981818181818182	0.740836940836941	
1	1	1	0.705367965367965	
0.963636363636364	1	0.966666666666667	0.649191919191919	
1	1	0.933333333333333	0.792775557775558	
0.965151515151515	1	0.951428571428572	0.687619047619047	
0.966666666666667	1	1	0.683773448773449	
0.983333333333333	1	1	0.765064935064935	
0.966666666666667	1	1	0.741327561327561	
1	1	0.963636363636364	0.688549783549784	
1	1	0.946666666666667	0.676349206349206	
1	1	0.966666666666667	0.694126984126984	
0.977777777777778	0.977777777777778	0.981818181818182	0.78952380952381	
1	1	1	0.76023088023088	
0.98	1	0.981818181818182	0.855468975468976	
1	1	0.864357864357864	0.711029526029526	
1	1	0.93030303030303	0.770606060606061	
1	1	1	0.764920634920635	
0.981818181818182	1	0.937777777777778	0.71968031968032	
1	1	0.971428571428571	0.717564102564102	
1	1	0.971428571428571	0.764124764124764	
1	1	0.977777777777778	0.783521478521478	
1	1	0.971428571428572	0.792777777777778	
1	1	0.981818181818182	0.695238095238095	
1	1	0.98	0.711262626262626	
0.975	1	0.957777777777778	0.74493783993784	
0.98	1	0.953246753246753	0.658199023199023	
1	1	0.981818181818182	0.731897546897547	
0.96	1	0.937777777777778	0.653052503052503	
1	1	1	0.778978243978244	
1	1	0.957777777777778	0.704139194139194	
0.983333333333333	1	1	0.716433566433566	
0.957777777777778	1	0.941818181818182	0.693888888888889	
1	1	0.981818181818182	0.775103785103785	
1	1	1	0.662155067155067	
0.956818181818182	1	0.931024531024531	0.732142857142857	
1	1	0.98	0.704660894660895	
0.966666666666667	1	1	0.697222222222222	
1	1	1	0.751366411366411	
1	1	0.971428571428572	0.717373737373737	
1	1	0.944444444444444	0.653253968253968	
1	1	0.875468975468976	0.638095238095238	
1	1	0.966666666666667	0.687510822510822	
1	1	0.971428571428572	0.674675324675325	
1	1	0.98	0.649206349206349	
1	1	0.966666666666667	0.762676767676768	
0.969230769230769	1	0.977777777777778	0.688787878787879	
1	1	1	0.81	
0.975	1	0.981818181818182	0.665238095238095	
0.975	1	1	0.747629037629038	
1	1	0.963636363636364	0.76459595959596	
1	1	0.971428571428572	0.74959595959596	
1	1	0.949206349206349	0.846111111111111	
1	1	1	0.655064935064935	
1	1	0.966666666666667	0.650173715173715	
1	1	1	0.658333333333333	
1	1	0.981818181818182	0.608333333333333	
1	1	0.981818181818182	0.759858474858475	
1	1	1	0.81954822954823	
1	1	0.955555555555555	0.675238095238095	
1	1	1	0.681428571428571	
1	1	0.944444444444444	0.709615384615385	
1	1	0.981818181818182	0.621373626373626	
1	1	0.971428571428572	0.667849927849928	
1	0.983333333333333	1	0.746351981351981	
1	1	0.966666666666667	0.638333333333333	
1	1	0.966666666666667	0.60030303030303	
1	1	0.966666666666667	0.629747474747475	
1	1	0.948484848484848	0.623095238095238	
1	1	0.931428571428571	0.751465201465201	
1	1	1	0.709920634920635	
1	1	0.926984126984127	0.741176046176046	
0.925	1	0.957777777777778	0.757222222222222	
1	1	1	0.763571428571429	
1	1	1	0.698629148629149	
1	1	0.981818181818182	0.736414141414141	
0.98	1	0.977777777777778	0.68968253968254	
1	1	0.96	0.647802197802198	
1	1	0.915873015873016	0.656565656565657	
1	1	0.928484848484848	0.673246753246753	
1	1	1	0.675367965367965	
1	1	0.944444444444444	0.66031746031746	
1	1	0.938095238095238	0.728405483405483	
1	1	1	0.710620490620491	
1	1	0.98	0.727696192696193	
0.96	1	0.913246753246753	0.699357864357864	
1	1	0.966666666666667	0.627326007326007	
1	1	0.98	0.814528804528804	
1	1	1	0.656587301587302	
0.98	1	0.961818181818182	0.694615384615384	
1	1	0.951428571428571	0.843095238095238	
1	1	0.957777777777778	0.648564213564214	
1	1	1	0.716630591630592	
1	1	1	0.723826728826729	
1	1	1	0.739761904761905	
1	0.977777777777778	0.942857142857143	0.734771894771895	
1	1	0.971428571428572	0.703968253968254	
1	1	1	0.771195471195471	
1	1	1	0.818095238095238	
1	1	1	0.839206349206349	
1	1	0.924675324675325	0.688787878787879	
0.969230769230769	1	1	0.619392274392274	
1	1	0.971428571428572	0.766544566544566	
1	1	0.981818181818182	0.738013653013653	
1	0.981818181818182	0.977777777777778	0.722222222222222	
1	1	0.90952380952381	0.697777777777778	
0.983333333333333	1	0.946666666666667	0.796161616161616	
1	1	0.971428571428572	0.713018648018648	
0.966666666666667	1	0.955555555555555	0.753968253968254	
1	1	1	0.735	
1	1	1	0.76510878010878	
1	1	0.942857142857143	0.694761904761905	
1	1	0.98	0.683992673992674	
1	1	1	0.732708402708403	
1	1	0.953246753246753	0.643730158730159	
0.96	1	0.944444444444444	0.769191919191919	
0.935	1	0.949206349206349	0.715064935064935	
0.975	1	0.977777777777778	0.73950937950938	
1	1	0.948484848484848	0.706904761904762	
1	1	0.98	0.751897546897547	
0.977777777777778	0.971428571428571	0.953246753246753	0.744119769119769	
0.971428571428572	1	1	0.724295704295704	
1	1	0.95959595959596	0.737609612609613	
1	1	0.908802308802309	0.70450937950938	
1	1	0.957777777777778	0.69023088023088	
0.975	1	1	0.574627594627595	
1	1	1	0.717777777777778	
0.983333333333333	1	0.98	0.708802308802309	
1	1	0.971428571428572	0.752539682539683	
1	1	0.966666666666667	0.759747474747475	
1	1	1	0.76454822954823	
1	1	1	0.731556776556777	
1	1	1	0.758992673992674	
1	1	1	0.64547619047619	
1	1	0.955555555555555	0.711190476190476	
1	1	0.966666666666667	0.649747474747475	
1	1	1	0.848881673881674	
1	1	0.966666666666667	0.756818181818182	
1	1	0.981818181818182	0.691428571428572	
1	1	0.966666666666667	0.733641358641359	
0.977777777777778	1	0.942857142857143	0.70984126984127	
1	1	0.981818181818182	0.576984126984127	
1	1	0.935555555555556	0.598008658008658	
1	1	0.966666666666667	0.733199023199023	
1	1	0.938095238095238	0.67	
1	1	0.942857142857143	0.707842712842713	
1	1	0.955555555555556	0.699615384615385	
1	1	0.977777777777778	0.58452380952381	
1	1	1	0.78007215007215	
1	1	0.98	0.623033078033078	
1	1	0.957777777777778	0.653333333333333	
0.975	1	0.977777777777778	0.590541125541125	
1	1	1	0.755555555555555	
1	1	1	0.799357864357864	
0.975	1	0.951428571428571	0.682155067155067	
1	1	0.966666666666667	0.817373737373737	
1	1	0.971428571428572	0.71542624042624	
1	1	0.948484848484848	0.766981906981907	
0.984615384615385	1	0.971428571428572	0.615914640914641	
1	1	1	0.606969696969697	
1	1	0.981818181818182	0.619615384615385	
1	1	0.953246753246753	0.678888888888889	
1	1	1	0.77468253968254	
0.983333333333333	1	0.977777777777778	0.693826728826729	
0.971428571428572	1	1	0.684206349206349	
1	1	1	0.720555555555556	
1	1	1	0.728675213675214	
1	1	0.966666666666667	0.621294261294261	
1	1	1	0.701587301587302	
1	1	0.961818181818182	0.834761904761905	
1	1	1	0.641818181818182	
1	1	0.98	0.639747474747475	
1	1	0.971428571428571	0.685639915639916	
1	1	0.955555555555555	0.712001332001332	
1	1	1	0.731904761904762	
1	1	1	0.714761904761905	
1	1	0.971428571428572	0.723968253968254	
1	1	0.98	0.691428571428572	
1	1	1	0.728497058497058	
1	1	0.981818181818182	0.70486568986569	
1	1	0.977777777777778	0.678809523809524	
0.983333333333333	1	0.981818181818182	0.579627594627595	
0.971428571428572	0.966666666666667	0.971428571428572	0.706135531135531	
0.981818181818182	1	0.96	0.577564102564103	
0.983333333333333	1	1	0.679377289377289	
1	1	1	0.71468031968032	
1	1	0.955555555555555	0.78989898989899	
1	1	0.953246753246753	0.754920634920635	
0.961818181818182	1	0.981818181818182	0.729090909090909	
1	1	0.971428571428572	0.731121101121101	
1	1	0.971428571428572	0.726902541902542	
1	1	0.971428571428571	0.570103785103785	
1	1	0.951428571428571	0.72993783993784	
1	1	1	0.802691197691198	
1	1	1	0.714206349206349	
0.971428571428572	1	0.98	0.778080808080808	
1	1	0.971428571428572	0.669382284382284	
1	1	0.963636363636364	0.805835275835276	
1	1	0.913333333333333	0.681176046176046	
1	0.971428571428572	1	0.725	
1	1	0.93959595959596	0.737463092463093	
1	1	0.977777777777778	0.68991341991342	
1	1	0.928484848484848	0.722539682539682	
1	1	0.971428571428572	0.643015873015873	
0.977777777777778	1	0.961818181818182	0.790555555555555	
1	1	0.98	0.709357864357864	
1	1	0.971428571428571	0.646862026862027	
1	1	0.966666666666667	0.743953823953824	
1	1	0.971428571428572	0.727715617715618	
1	1	0.977777777777778	0.724052614052614	
1	1	0.98	0.731897546897547	
1	1	0.971428571428571	0.663080808080808	
1	1	0.977777777777778	0.777948717948718	
1	1	1	0.688754578754579	
1	1	0.971428571428572	0.699206349206349	
1	1	1	0.784442224442224	
1	1	0.971428571428572	0.661818181818182	
0.981818181818182	1	0.906262626262626	0.691113886113886	
1	1	0.981818181818182	0.688080808080808	
1	1	0.977777777777778	0.559687534687535	
1	1	1	0.748331113331113	
1	1	1	0.715930735930736	
1	1	0.966666666666667	0.856282051282051	
1	1	1	0.70003663003663	
1	1	0.966666666666667	0.733484848484849	
0.975	1	0.971428571428572	0.704057609057609	
1	1	0.966666666666667	0.725818070818071	
1	1	0.949206349206349	0.732544677544678	
0.98	1	0.971428571428572	0.652539682539683	
1	1	0.981818181818182	0.711517926517927	
1	1	0.904040404040404	0.700964590964591	
1	1	0.981818181818182	0.702532467532467	
1	1	0.941414141414141	0.701708291708292	
1	1	1	0.587525252525252	
1	1	0.966666666666667	0.688405483405483	
1	1	0.98	0.803484848484848	
1	1	0.942857142857143	0.779761904761905	
1	1	0.981818181818182	0.762438672438672	
1	1	0.913333333333333	0.729206349206349	
1	1	0.966666666666667	0.607643467643468	
1	1	0.963636363636364	0.731452991452991	
1	1	0.951428571428572	0.661082251082251	
1	1	0.946666666666667	0.763963813963814	
0.98	1	0.971428571428571	0.822373737373737	
1	1	0.966666666666667	0.722453102453102	
1	1	0.98	0.715079365079365	
1	1	0.926984126984127	0.701349206349206	
1	1	1	0.706746031746032	
1	1	0.977777777777778	0.743345543345543	
1	1	1	0.70452380952381	
0.981818181818182	1	0.981818181818182	0.736604506604506	
1	1	0.966666666666667	0.672691197691198	
1	1	0.971428571428571	0.746599511599512	
1	1	0.98	0.665274725274725	
1	1	0.966666666666667	0.70537518037518	
1	1	1	0.644675324675325	
1	1	1	0.722246642246642	
1	0.98	0.98	0.639112554112554	
1	1	0.98	0.716024531024531	
1	1	0.955555555555555	0.782222222222222	
1	1	1	0.785064935064935	
1	1	0.977777777777778	0.618715728715729	
1	1	0.957777777777778	0.716731601731602	
1	1	0.951428571428571	0.738199023199023	
1	1	0.946666666666667	0.685786435786436	
1	1	0.966666666666667	0.778246753246753	
1	1	0.977777777777778	0.733826728826729	
1	1	0.937373737373737	0.732619047619048	
1	1	1	0.669858474858475	
1	1	0.977777777777778	0.650103785103785	
1	1	0.946666666666667	0.717179487179487	
1	1	1	0.682564102564102	
1	1	1	0.713939393939394	
1	1	0.971428571428572	0.657619047619048	
1	1	0.966666666666667	0.775421245421245	
1	1	1	0.674285714285714	
1	1	0.98	0.728992673992674	
1	1	0.966666666666667	0.706024531024531	
1	1	0.933333333333333	0.766043956043956	
1	1	0.949206349206349	0.72042624042624	
1	1	0.981818181818182	0.677287157287157	
0.98	1	0.98	0.735394605394605	
1	1	1	0.683650793650794	
1	1	0.98	0.70531746031746	
1	1	1	0.645151515151515	
1	1	1	0.738802308802309	
1	1	0.963636363636364	0.698574203574204	
1	1	0.966666666666667	0.768549783549784	
1	1	1	0.817326007326007	
1	1	0.981818181818182	0.728961038961039	
1	1	0.971428571428572	0.705909090909091	
0.975	1	0.977777777777778	0.577301587301587	
1	1	0.961818181818182	0.535930735930736	
1	1	0.94	0.731214896214896	
1	1	0.944444444444444	0.687393162393162	
1	1	1	0.676659451659452	
1	1	1	0.619057609057609	
1	1	0.955555555555555	0.775707070707071	
1	1	0.908484848484849	0.696341991341991	
1	1	0.948484848484848	0.683735153735154	
1	1	0.937373737373738	0.612842712842713	
1	1	0.938095238095238	0.654310134310134	
1	1	0.977777777777778	0.759675324675325	
1	1	1	0.646428571428571	
1	1	0.95959595959596	0.607061272061272	
1	1	0.922857142857143	0.68031746031746	
1	1	0.926262626262626	0.652239427239427	
1	1	0.966666666666667	0.682710622710623	
1	1	1	0.702691197691198	
1	1	1	0.700064935064935	
1	1	1	0.669598734598735	
1	1	0.948484848484848	0.745064935064935	
1	1	0.922222222222222	0.760878010878011	
1	1	1	0.619444444444444	
1	1	1	0.757087912087912	
1	1	0.977777777777778	0.666969696969697	
1	1	0.937777777777778	0.572698412698413	
1	1	0.953246753246753	0.727619047619048	
1	1	0.98	0.73031524031524	
1	1	0.966666666666667	0.587537462537463	
1	1	0.977777777777778	0.733629148629149	
1	1	1	0.675786435786436	
1	1	0.966666666666667	0.747393162393162	
1	1	0.953246753246753	0.686929181929182	
1	1	0.98	0.831111111111111	
1	1	0.98	0.72	
1	1	0.963636363636364	0.781031746031746	
1	1	1	0.772222222222222	
1	1	0.971428571428572	0.650606060606061	
1	0.971428571428572	0.977777777777778	0.717539682539683	
1	1	0.944444444444444	0.601349206349206	
1	1	0.971428571428572	0.652756132756133	
1	1	0.98	0.700274725274725	
1	1	1	0.73459595959596	
1	1	0.981818181818182	0.655541125541126	
1	1	1	0.83034188034188	
1	1	0.981818181818182	0.730707070707071	
1	1	0.971428571428572	0.700659340659341	
1	1	0.96	0.762691197691198	
1	1	0.924444444444444	0.728297258297258	
1	1	0.948484848484848	0.729516594516594	
1	1	0.906666666666667	0.674271284271284	
1	1	0.971428571428572	0.702770562770563	
1	1	0.966666666666667	0.672073482073482	
1	1	0.981818181818182	0.671176046176046	
1	1	0.938095238095238	0.761556776556777	
1	1	0.966666666666667	0.711652236652237	
1	1	0.971428571428572	0.735091575091575	
1	1	0.98	0.718521478521479	
1	1	0.95959595959596	0.67985347985348	
1	1	1	0.721984126984127	
1	1	1	0.713953823953824	
0.984615384615385	1	0.953246753246753	0.725548340548341	
0.981818181818182	1	0.977777777777778	0.731349206349206	
1	1	0.98	0.751941391941392	
1	1	1	0.648925518925519	
1	1	0.957777777777778	0.635620490620491	
1	1	1	0.788437118437118	
1	1	0.944444444444445	0.623891663891664	
1	0.971428571428572	0.971428571428572	0.639430014430014	
1	1	0.966666666666667	0.695930735930736	
1	1	0.977777777777778	0.695151515151515	
1	1	0.944444444444444	0.719090909090909	
1	1	1	0.693107448107448	
1	1	1	0.736498501498501	
1	1	0.938095238095238	0.792073482073482	
1	1	0.966666666666667	0.765064935064935	
1	1	0.966666666666667	0.724761904761905	
1	1	0.977777777777778	0.701341991341991	
1	1	1	0.705262515262515	
0.98	1	1	0.806883116883117	
1	1	0.926262626262626	0.558504273504274	
1	1	1	0.684256854256854	
0.981818181818182	1	0.966666666666667	0.720558330558331	
1	1	1	0.694675324675325	
1	1	1	0.761282051282051	
1	1	0.966666666666667	0.77	
1	1	0.98	0.735468975468975	
1	1	0.938095238095238	0.718266178266178	
1	1	1	0.757438672438672	
1	1	1	0.628080808080808	
1	1	1	0.684126984126984	
1	1	0.949206349206349	0.651969696969697	
1	1	0.957777777777778	0.682222222222222	
1	1	0.938095238095238	0.740897435897436	
1	1	0.928484848484848	0.764449439449439	
1	1	0.926262626262626	0.686717171717172	
1	1	0.981818181818182	0.701428571428571	
1	1	1	0.710786435786436	
1	1	0.981818181818182	0.678556998556999	
1	1	0.98	0.739675324675325	
1	1	0.957777777777778	0.744675324675325	
1	1	1	0.683165168165168	
1	1	1	0.694310134310134	
1	1	1	0.720004995004995	
1	1	1	0.743492063492064	
1	1	0.971428571428571	0.770873015873016	
1	1	1	0.798165168165168	
0.977777777777778	1	1	0.606736596736597	
1	1	0.966666666666667	0.645223665223665	
1	1	0.981818181818182	0.612735042735043	
1	1	1	0.738650793650794	
1	1	0.966666666666667	0.804357864357864	
1	1	0.981818181818182	0.680553335553336	
1	1	1	0.725382395382395	
1	1	0.977777777777778	0.789509379509379	
1	1	0.949206349206349	0.803403263403263	
1	1	0.971428571428572	0.604444444444444	
1	1	0.966666666666667	0.673978243978244	
1	1	0.971428571428571	0.706190476190476	
1	1	0.938095238095238	0.681645021645022	
1	1	0.977777777777778	0.694660894660895	
1	1	0.949206349206349	0.774761904761905	
1	1	0.977777777777778	0.734509379509379	
1	1	0.971428571428571	0.686053946053946	
1	1	0.977777777777778	0.727460317460317	
1	1	0.944444444444444	0.701948051948052	
1	1	1	0.705969585969586	
1	1	0.924675324675325	0.683492063492063	
1	1	0.98	0.790606060606061	
1	1	0.977777777777778	0.642624042624043	
1	1	1	0.647857142857143	
1	1	0.895873015873016	0.716969696969697	
1	1	0.924444444444444	0.738992673992674	
1	1	1	0.688571428571429	
1	1	1	0.708412698412698	
1	1	0.971428571428572	0.725274725274725	
1	1	0.96	0.61530303030303	
1	1	0.963636363636364	0.683722943722944	
1	1	0.946666666666667	0.79030081030081	
1	1	0.957777777777778	0.74547619047619	
1	1	0.98	0.738088023088023	
1	1	0.90952380952381	0.733906093906094	
1	1	1	0.616507936507937	
1	1	1	0.710930735930736	
1	1	0.951428571428571	0.776024531024531	
1	1	1	0.624516594516594	
1	1	1	0.6847668997669	
1	1	1	0.613345543345543	
1	1	0.953246753246753	0.756580086580087	
1	1	1	0.775620490620491	
1	1	1	0.713383838383838	
1	1	0.971428571428571	0.715188145188145	
1	1	0.977777777777778	0.715	
1	1	0.944444444444444	0.808052503052503	
1	1	0.981818181818182	0.693569208569208	
1	1	0.955555555555555	0.679052614052614	
1	1	0.966666666666667	0.715779220779221	
1	1	0.935064935064935	0.684285714285714	
1	1	0.966666666666667	0.74991341991342	
1	1	0.966666666666667	0.69982683982684	
1	1	0.981818181818182	0.65470695970696	
1	1	0.98	0.66538961038961	
1	1	0.981818181818182	0.722667887667888	
1	1	0.902222222222222	0.735634920634921	
1	1	0.93959595959596	0.827857142857143	
1	1	0.933333333333333	0.668020868020868	
1	1	1	0.706048951048951	
1	1	0.971428571428571	0.761825396825397	
1	1	1	0.641969696969697	
0.977777777777778	1	0.944444444444444	0.755004995004995	
1	1	1	0.709918414918415	
1	1	1	0.744139194139194	
1	1	0.971428571428572	0.725878010878011	
1	1	1	0.739156399156399	
1	1	0.946666666666667	0.737056277056277	
1	1	1	0.79968031968032	
1	1	1	0.686346986346986	
1	1	0.977777777777778	0.753701298701299	
1	1	0.977777777777778	0.717263847263847	
1	1	1	0.746688866688867	
1	1	1	0.712691197691198	
1	1	0.920634920634921	0.643095238095238	
1	1	0.95959595959596	0.662576312576313	
1	1	0.95959595959596	0.699444444444444	
1	1	0.98	0.742777777777778	
1	1	0.961818181818182	0.653052503052503	
1	1	0.942857142857143	0.749675324675325	
1	1	1	0.711883116883117	
1	1	1	0.668675213675214	
1	1	0.961818181818182	0.751248196248196	
1	1	0.966666666666667	0.729444444444444	
1	1	0.957777777777778	0.783398268398268	
1	1	0.966666666666667	0.717539682539683	
1	1	0.98	0.737777777777778	
1	1	0.981818181818182	0.777222222222222	
1	1	0.977777777777778	0.751666666666667	
1	1	0.971428571428571	0.701111111111111	
1	1	0.941818181818182	0.647857142857143	
1	1	0.944444444444444	0.701190476190476	
1	1	0.941414141414141	0.755	
1	1	0.98	0.736327561327561	
1	1	0.971428571428571	0.617087912087912	
1	1	0.915873015873016	0.690873015873016	
1	1	1	0.690634920634921	
1	1	1	0.754955044955045	
1	1	0.981818181818182	0.660555555555556	
1	1	0.971428571428572	0.802059052059052	
1	1	1	0.705250305250305	
1	1	1	0.618253968253968	
1	1	0.884761904761905	0.694660894660895	
1	1	1	0.803412698412698	
1	1	1	0.611428571428571	
1	1	0.966666666666667	0.665707070707071	
1	1	0.929206349206349	0.641428571428571	
1	1	0.957777777777778	0.674761904761905	
1	1	1	0.716341991341991	
1	1	0.87991341991342	0.727777777777778	
1	1	1	0.708172383172383	
0.983333333333333	1	0.98	0.681756021756022	
1	1	1	0.777929292929293	
1	1	0.963636363636364	0.687857142857143	
1	1	0.904761904761905	0.671989121989122	
1	1	1	0.797537462537463	
1	1	0.949206349206349	0.676517926517927	
1	1	0.91991341991342	0.637537462537463	
1	1	0.951428571428571	0.763489843489844	
1	1	0.946666666666667	0.640779220779221	
1	1	0.966666666666667	0.671341991341991	
1	1	0.944444444444444	0.66015873015873	
1	1	1	0.698080808080808	
0.984615384615385	1	1	0.677453102453102	
1	1	0.955555555555555	0.691731601731602	
0.975	1	0.971428571428572	0.678966033966034	
1	1	1	0.76530303030303	
1	1	0.966666666666667	0.6754884004884	
1	1	1	0.551666666666667	
1	1	0.938095238095238	0.695964590964591	
1	1	0.971428571428572	0.675	
1	1	0.891341991341992	0.696842601842602	
1	1	0.977777777777778	0.750493395493395	
1	1	0.931428571428571	0.701525141525141	
1	1	0.971428571428572	0.728080808080808	
1	1	1	0.676195471195471	
1	1	0.981818181818182	0.70986568986569	
1	1	1	0.814761904761905	
1	1	0.971428571428572	0.645620490620491	
1	1	1	0.64047397047397	
1	1	0.977777777777778	0.628874458874459	
1	1	0.961818181818182	0.668730158730159	
1	1	0.966666666666667	0.79531746031746	
1	1	0.98	0.704444444444444	
1	1	0.971428571428572	0.736111111111111	
1	1	1	0.747472527472527	
1	1	1	0.65	
1	1	0.926666666666667	0.676053946053946	
1	1	0.971428571428571	0.759747474747475	
0.971428571428572	1	0.948484848484848	0.734206349206349	
1	1	0.944444444444444	0.70030303030303	
1	1	1	0.743382173382173	
1	1	0.942857142857143	0.713223443223443	
0.966666666666667	1	0.981818181818182	0.812542457542458	
1	1	0.966666666666667	0.762521367521367	
1	1	0.886580086580087	0.733251748251748	
1	1	0.971428571428572	0.767385947385947	
1	1	0.900634920634921	0.766746031746032	
1	1	1	0.723018648018648	
1	1	0.981818181818182	0.719523809523809	
1	1	0.981818181818182	0.798730158730159	
1	1	0.98	0.685717060717061	
1	1	0.977777777777778	0.748901098901099	
1	1	0.971428571428571	0.717155067155067	
1	1	1	0.720627705627706	
1	1	0.98	0.742393162393162	
1	1	0.955555555555556	0.655064935064935	
1	1	0.966666666666667	0.752008547008547	
1	1	0.961818181818182	0.604343434343434	
1	1	0.977777777777778	0.71993783993784	
1	1	1	0.677445887445887	
1	1	1	0.71986346986347	
1	1	0.949206349206349	0.690858585858586	
1	1	1	0.750488400488401	
1	1	0.95959595959596	0.687453102453102	
1	1	1	0.765873015873016	
1	1	1	0.620103785103785	
1	1	1	0.686770451770452	
1	1	0.938095238095238	0.681111111111111	
1	1	0.963636363636364	0.666580086580087	
1	1	0.966666666666667	0.659761904761905	
1	1	0.98	0.732710622710623	
1	1	1	0.701200466200466	
1	1	1	0.645627705627706	
1	1	0.961818181818182	0.697087912087912	
1	1	0.961818181818182	0.797715617715618	
1	1	0.98	0.73507215007215	
1	1	0.966666666666667	0.771255411255411	
1	1	1	0.623398268398268	
1	1	1	0.820151515151515	
1	1	1	0.809675324675325	
0.966666666666667	1	1	0.747629037629038	
1	1	0.981818181818182	0.692532467532468	
1	1	1	0.692698412698413	
1	1	0.911111111111111	0.754206349206349	
1	1	0.957777777777778	0.760930735930736	
1	1	0.977777777777778	0.698119658119658	
1	1	0.981818181818182	0.713730158730159	
1	1	1	0.695962370962371	
1	1	0.971428571428572	0.631428571428571	
1	1	0.948484848484848	0.697112332112332	
1	1	0.981818181818182	0.798437118437118	
1	1	0.98	0.742777777777778	
1	1	0.966666666666667	0.817350427350427	
1	1	0.966666666666667	0.800707070707071	
1	1	0.971428571428572	0.724206349206349	
1	1	0.946666666666667	0.796428571428571	
1	1	0.955555555555555	0.811532356532356	
1	1	0.961818181818182	0.604444444444444	
1	1	0.93959595959596	0.680844155844156	
1	1	0.913333333333333	0.66452380952381	
1	1	0.944444444444444	0.767525252525253	
1	1	1	0.777691197691198	
1	1	0.91991341991342	0.745103785103785	
1	1	0.98	0.734357864357864	
1	1	0.977777777777778	0.749858474858475	
1	1	0.96	0.675221445221445	
1	1	1	0.707155067155067	
1	1	0.929206349206349	0.764747474747475	
1	1	0.884040404040404	0.749362859362859	
1	1	1	0.738318903318903	
1	1	0.966666666666667	0.707294372294372	
1	1	0.944444444444444	0.759206349206349	
1	1	1	0.711424131424131	
1	1	0.914285714285714	0.746239316239316	
1	1	1	0.714810744810745	
1	1	0.961818181818182	0.706024531024531	
1	1	0.924444444444444	0.761996336996337	
1	1	1	0.768484848484848	
1	1	0.966666666666667	0.716200466200466	
1	1	0.948484848484848	0.747373737373737	
1	1	1	0.613809523809524	
1	1	1	0.796111111111111	
1	1	0.944444444444444	0.742366522366522	
1	1	0.981818181818182	0.645221445221445	
1	1	0.923232323232323	0.708650793650794	
1	1	0.98	0.667160062160062	
1	1	0.951428571428571	0.765873015873016	
1	1	0.98	0.698253968253968	
1	1	0.971428571428572	0.755627705627706	
1	1	1	0.716984126984127	
1	1	1	0.685945165945166	
1	1	0.966666666666667	0.69452380952381	
1	1	0.98	0.628095238095238	
1	1	1	0.666604506604507	
1	1	0.977777777777778	0.683160173160173	
1	1	1	0.785627705627706	
1	1	0.918095238095238	0.554747474747475	
1	1	0.95959595959596	0.70037518037518	
1	1	0.981818181818182	0.649468864468864	
1	1	1	0.765592185592186	
1	1	0.929206349206349	0.770768120768121	
1	1	0.949206349206349	0.684052614052614	
1	1	1	0.742142857142857	
1	1	0.98	0.589444444444444	
1	1	0.961818181818182	0.595382395382395	
1	1	0.98	0.773246753246753	
1	1	0.966666666666667	0.73	
1	1	0.98	0.658730158730159	
1	1	0.966666666666667	0.70993783993784	
1	1	0.946666666666667	0.715952380952381	
1	1	0.981818181818182	0.696414141414141	
1	1	0.929206349206349	0.705555555555556	
1	1	1	0.742939282939283	
1	1	0.981818181818182	0.619151404151404	
1	1	0.977777777777778	0.74502442002442	
1	1	0.981818181818182	0.682424242424242	
1	1	1	0.770064935064935	
1	1	0.951428571428571	0.763059163059163	
0.983333333333333	1	0.949206349206349	0.692438672438673	
1	1	0.966666666666667	0.689206349206349	
1	1	0.963636363636364	0.725274725274725	
1	1	1	0.675885225885226	
1	1	0.981818181818182	0.738095238095238	
1	1	1	0.764357864357864	
1	1	0.933333333333333	0.684798534798535	
1	1	0.938095238095238	0.770976800976801	
1	1	0.981818181818182	0.774918414918415	
1	1	0.909206349206349	0.647777777777778	
1	1	0.948484848484848	0.663333333333333	
1	1	0.946666666666667	0.698675213675214	
1	1	0.941414141414141	0.785815850815851	
1	1	1	0.685952380952381	
1	1	1	0.723179598179598	
1	1	0.981818181818182	0.632564102564103	
1	1	0.961818181818182	0.728191808191808	
1	1	0.981818181818182	0.661969696969697	
1	1	0.977777777777778	0.791024531024531	
1	1	0.981818181818182	0.781837606837607	
1	1	0.893650793650794	0.715382395382395	
1	1	0.98	0.747301587301587	
1	1	0.944444444444444	0.697715617715618	
1	1	0.981818181818182	0.661854811854812	
1	1	1	0.680634920634921	
1	1	0.937373737373737	0.669059829059829	
1	1	1	0.721984126984127	
1	1	0.966666666666667	0.665004995004995	
1	1	0.946666666666667	0.691190476190476	
1	1	0.981818181818182	0.689444444444444	
1	1	0.948484848484848	0.721580086580087	
1	1	0.98	0.691025641025641	
1	1	1	0.683013653013653	
1	1	0.98	0.759761904761905	
1	1	0.981818181818182	0.741068376068376	
1	1	0.98	0.723160173160173	
1	1	0.946666666666667	0.710772005772006	
1	1	0.977777777777778	0.822777777777778	
1	1	0.981818181818182	0.66468253968254	
1	1	0.944444444444444	0.754747474747475	
1	1	0.98	0.755396825396826	
1	1	0.928484848484848	0.709516594516595	
1	1	0.966666666666667	0.816111111111111	
1	1	1	0.753246753246753	
1	1	1	0.744362859362859	
1	1	0.944444444444444	0.687770562770563	
1	1	0.95959595959596	0.682373737373737	
1	1	0.971428571428572	0.64538961038961	
1	1	0.966666666666667	0.697691197691198	
1	1	0.966666666666667	0.697862137862138	
1	1	0.98	0.68030303030303	
1	1	0.953246753246753	0.677484737484737	
1	1	1	0.579177489177489	
1	1	1	0.701818181818182	
1	1	0.895873015873016	0.681904761904762	
1	1	0.938095238095238	0.525627705627706	
1	1	1	0.659084249084249	
1	1	1	0.762453102453102	
1	1	0.971428571428572	0.749523809523809	
1	1	0.98	0.717453102453102	
1	1	0.922222222222222	0.677842712842713	
1	1	1	0.72468253968254	
1	1	0.949206349206349	0.718080808080808	
1	1	0.953246753246753	0.63985125985126	
1	1	0.951428571428571	0.729761904761905	
1	1	0.931428571428571	0.757537462537462	
1	1	1	0.652857142857143	
1	1	0.971428571428572	0.70062049062049	
1	1	0.966666666666667	0.707619047619048	
1	1	0.977777777777778	0.682802197802198	
1	1	0.931428571428571	0.724533799533799	
1	1	0.966666666666667	0.718939393939394	
1	1	0.977777777777778	0.654126984126984	
1	1	0.943636363636364	0.827564102564103	
1	1	1	0.776883116883117	
1	1	0.924444444444444	0.708489843489843	
1	1	0.981818181818182	0.723571428571429	
1	1	0.93959595959596	0.840945165945166	
1	1	0.977777777777778	0.767272727272727	
1	1	1	0.764932844932845	
1	1	1	0.716580086580087	
1	1	0.944444444444444	0.663809523809524	
1	1	0.951428571428571	0.759615384615385	
1	1	0.98	0.664675324675325	
1	1	1	0.758636363636364	
1	1	0.938095238095238	0.821255411255411	
1	1	0.946666666666667	0.731989121989122	
1	1	1	0.796366411366411	
1	1	0.93959595959596	0.775724275724276	
1	1	0.949206349206349	0.64468253968254	
1	1	0.95959595959596	0.707445887445887	
1	1	0.938095238095238	0.693650793650794	
1	1	0.88952380952381	0.748437118437118	
1	1	0.933333333333333	0.661746031746032	
1	1	0.971428571428572	0.718461538461539	
1	1	0.981818181818182	0.71454822954823	
1	1	0.915873015873016	0.652857142857143	
1	1	0.971428571428572	0.607484737484737	
1	1	0.971428571428572	0.674105339105339	
1	1	0.966666666666667	0.72034188034188	
1	1	0.977777777777778	0.803675213675214	
1	1	0.966666666666667	0.756043956043956	
1	1	1	0.654242424242424	
1	1	1	0.622246642246642	
1	1	1	0.683879453879454	
1	1	0.953246753246753	0.705468975468975	
1	1	0.961818181818182	0.586190476190476	
1	1	0.966666666666667	0.782775557775558	
1	1	1	0.717287157287157	
1	1	1	0.677564102564102	
1	1	0.953246753246753	0.710878010878011	
1	1	0.98	0.664271284271284	
1	1	0.966666666666667	0.714281274281274	
1	1	0.966666666666667	0.727326007326007	
1	1	1	0.672777777777778	
1	1	0.977777777777778	0.758484848484849	
1	1	0.961818181818182	0.718057498057498	
1	1	0.931428571428571	0.776948051948052	
1	1	1	0.754761904761905	
1	1	0.971428571428571	0.722445887445887	
1	1	0.98	0.680779220779221	
1	1	0.938095238095238	0.734295704295704	
1	1	0.981818181818182	0.630950160950161	
1	1	1	0.69518315018315	
1	1	0.933333333333333	0.721255411255411	
1	1	0.911024531024531	0.746731601731602	
1	1	0.924444444444444	0.821645021645022	
1	1	1	0.603992673992674	
1	1	1	0.744846264846265	
1	1	0.949206349206349	0.713535353535354	
1	1	0.981818181818182	0.748655788655789	
1	1	0.98	0.687453102453103	
1	1	0.971428571428572	0.750238095238095	
1	1	0.977777777777778	0.743172383172383	
1	1	0.981818181818182	0.717619047619048	
1	1	1	0.624230769230769	
1	1	0.966666666666667	0.732528027528028	
1	1	0.96	0.764230769230769	
1	1	1	0.748052503052503	
1	1	0.931024531024531	0.703412698412698	
1	1	0.90952380952381	0.612222222222222	
1	1	0.957777777777778	0.710726495726496	
1	1	0.98	0.692222222222222	
1	1	1	0.824362859362859	
1	1	1	0.689033189033189	
1	1	0.95959595959596	0.68986568986569	
1	1	0.935555555555555	0.847155067155067	
1	1	0.977777777777778	0.688650793650794	
1	1	0.949206349206349	0.811587301587302	
1	1	0.971428571428572	0.72047619047619	
1	1	0.916883116883117	0.685041625041625	
1	1	0.938095238095238	0.819786324786325	
1	1	0.938095238095238	0.766818181818182	
1	1	0.957777777777778	0.691969696969697	
1	1	0.966666666666667	0.740945165945166	
1	1	0.949206349206349	0.788412698412698	
1	1	0.966666666666667	0.77	
1	1	0.948484848484848	0.664230769230769	
1	1	1	0.6902886002886	
1	1	0.95959595959596	0.603650793650794	
1	1	0.948484848484848	0.661176046176046	
1	1	0.966666666666667	0.671349206349206	
1	1	0.966666666666667	0.731770451770452	
1	1	0.98	0.657777777777778	
1	1	1	0.753398268398268	
1	1	0.922857142857143	0.733821733821734	
1	1	1	0.74542624042624	
1	1	0.977777777777778	0.68047397047397	
1	1	0.971428571428572	0.693246753246753	
1	1	0.98	0.625	
1	1	0.961818181818182	0.664271284271284	
1	1	1	0.689615384615385	
1	1	0.966666666666667	0.694377289377289	
1	1	0.977777777777778	0.678643578643579	
1	1	0.966666666666667	0.701349206349206	
1	1	1	0.759040404040404	
1	1	0.944444444444444	0.763807303807304	
1	1	1	0.626428571428571	
1	1	0.971428571428572	0.712862137862138	
1	1	0.922857142857143	0.736666666666667	
1	1	0.926666666666667	0.754124764124764	
1	1	0.977777777777778	0.648008658008658	
1	1	0.881818181818182	0.731428571428571	
1	1	0.981818181818182	0.736666666666667	
1	1	0.971428571428571	0.726282051282051	
1	1	0.949206349206349	0.623888888888889	
1	1	1	0.743398268398269	
1	1	0.98	0.765878010878011	
1	1	0.98	0.661096681096681	
1	1	0.951428571428571	0.676666666666667	
1	1	0.95959595959596	0.635103785103785	
1	1	0.971428571428572	0.768874458874459	
1	1	1	0.606666666666667	
1	1	1	0.706262626262626	
1	1	1	0.589047619047619	
1	1	0.977777777777778	0.780644910644911	
1	1	1	0.709444444444444	
1	1	0.95959595959596	0.718973248973249	
1	1	0.971428571428572	0.688549783549784	
1	1	0.966666666666667	0.646890331890332	
1	1	0.98	0.636671661671662	
1	1	1	0.755579975579976	
1	1	1	0.782301587301587	
1	1	0.977777777777778	0.637842712842713	
1	1	0.971428571428572	0.784295704295704	
1	1	0.971428571428572	0.744168609168609	
1	1	0.951428571428571	0.753807303807304	
1	1	0.948484848484848	0.606190476190476	
1	1	0.971428571428572	0.727383727383727	
1	1	0.971428571428571	0.765647130647131	
1	1	1	0.634211344211344	
1	1	1	0.679541014541014	
1	1	0.98	0.662604617604618	
1	1	0.981818181818182	0.738251748251748	
1	1	1	0.702777777777778	
1	1	0.981818181818182	0.565064935064935	
1	1	0.98	0.677857142857143	
1	1	0.944444444444444	0.651327561327561	
1	1	0.924444444444444	0.788297258297258	
1	1	1	0.655945165945166	
1	1	0.949206349206349	0.690620490620491	
1	1	0.98	0.760468975468975	
1	1	0.944444444444444	0.704285714285714	
1	1	0.971428571428571	0.672049062049062	
1	1	0.981818181818182	0.76007215007215	
1	1	0.946666666666667	0.779437229437229	
1	1	1	0.815699855699856	
1	1	1	0.651969696969697	
1	1	0.971428571428571	0.676479076479076	
1	1	1	0.636111111111111	
1	1	1	0.785592185592186	
1	1	0.931024531024531	0.685726495726496	
1	1	0.966666666666667	0.632542457542458	
1	1	0.944444444444444	0.742453102453102	
1	1	1	0.729747474747475	
1	1	0.945454545454546	0.697691197691198	
1	1	1	0.705942945942946	
1	1	0.902453102453102	0.693417693417693	
1	1	0.971428571428572	0.686493506493506	
1	1	0.966666666666667	0.719096459096459	
1	1	0.93030303030303	0.782857142857143	
1	1	0.98	0.760563325563326	
1	1	0.966666666666667	0.685250305250305	
1	1	0.928484848484848	0.662539682539683	
1	1	1	0.749761904761905	
1	1	1	0.816452991452991	
1	1	0.946666666666667	0.755664335664336	
1	1	0.922857142857143	0.759761904761905	
1	1	0.966666666666667	0.709034299034299	
1	1	1	0.697624042624043	
1	1	0.951428571428571	0.711751026751027	
1	1	0.971428571428571	0.709932844932845	
1	1	1	0.739761904761905	
1	1	0.951428571428571	0.673059163059163	
1	1	0.928484848484848	0.794357864357864	
1	1	1	0.727857142857143	
1	1	0.98	0.697222222222222	
1	1	0.981818181818182	0.739357864357864	
1	1	0.971428571428572	0.652301587301587	
1	1	1	0.788033078033078	
1	1	0.91991341991342	0.644615384615385	
1	1	1	0.741024531024531	
1	1	0.981818181818182	0.769295704295704	
1	1	0.971428571428572	0.664256854256854	
1	1	0.966666666666667	0.657224997224997	
1	1	0.926984126984127	0.759057609057609	
1	1	0.981818181818182	0.786111111111111	
1	1	1	0.732092907092907	
1	1	0.93030303030303	0.740555555555556	
1	1	1	0.76018315018315	
1	1	0.96	0.798968253968254	
1	1	1	0.726792651792652	
1	1	0.946666666666667	0.639059829059829	
1	1	0.957777777777778	0.697092907092907	
1	1	0.98	0.67954822954823	
1	1	0.966666666666667	0.758424908424908	
1	1	0.977777777777778	0.666075036075036	
1	1	0.966666666666667	0.781043956043956	
1	1	0.938095238095238	0.686031746031746	
1	1	0.924444444444444	0.748015873015873	
1	1	0.98	0.752135642135642	
1	1	0.971428571428572	0.690634920634921	
1	1	0.98	0.768484848484848	
1	1	0.981818181818182	0.79037518037518	
1	1	1	0.69452380952381	
1	1	1	0.758398268398268	
1	1	0.98	0.707802197802198	
1	1	1	0.722691197691198	
1	1	1	0.728246753246753	
1	1	0.95959595959596	0.693980463980464	
1	1	0.971428571428571	0.681438561438562	
1	1	0.977777777777778	0.689523809523809	
1	1	0.963636363636364	0.70991341991342	
1	1	0.944444444444444	0.710779220779221	
1	1	0.953246753246753	0.749699744699745	
1	1	0.949206349206349	0.655659340659341	
1	1	0.921818181818182	0.721493506493507	
1	1	0.977777777777778	0.788468198468198	
1	1	0.977777777777778	0.791108891108891	
1	1	0.981818181818182	0.725962370962371	
1	1	1	0.667922077922078	
1	1	0.957777777777778	0.67969474969475	
1	1	0.981818181818182	0.766738816738817	
1	1	1	0.787179487179487	
1	1	1	0.737698412698413	
1	1	0.981818181818182	0.698958818958819	
1	1	0.911024531024531	0.78042624042624	
1	1	0.977777777777778	0.758675213675214	
1	1	1	0.709290709290709	
1	1	0.981818181818182	0.780250305250305	
1	1	0.895151515151515	0.75991341991342	
1	1	0.977777777777778	0.761282051282051	
1	1	0.95959595959596	0.657857142857143	
1	1	1	0.735620490620491	
1	1	0.949206349206349	0.717453102453102	
1	1	0.953246753246753	0.770064935064935	
1	1	0.96	0.695726495726496	
1	1	0.966666666666667	0.681664446664447	
1	1	0.944444444444444	0.643727938727939	
1	1	0.977777777777778	0.781818181818182	
1	1	0.971428571428572	0.76	
1	1	0.971428571428571	0.710579975579976	
1	1	0.924675324675325	0.72482683982684	
1	1	0.977777777777778	0.737477522477523	
1	1	0.977777777777778	0.737696192696193	
1	1	0.93030303030303	0.618403263403263	
1	1	0.98	0.691587301587302	
1	1	0.977777777777778	0.784362859362859	
1	1	0.955555555555555	0.704761904761905	
1	1	0.977777777777778	0.727438672438672	
1	1	0.95959595959596	0.628095238095238	
1	1	0.922222222222222	0.800634920634921	
1	1	1	0.667424242424242	
1	1	0.948484848484848	0.634761904761905	
1	1	1	0.685262515262515	
1	1	1	0.618033078033078	
1	1	0.937777777777778	0.731108891108891	
1	1	0.95959595959596	0.603405483405483	
1	1	0.971428571428572	0.770793650793651	
1	1	0.966666666666667	0.732710622710623	
1	1	1	0.763253968253968	
1	1	1	0.685421245421245	
1	1	0.981818181818182	0.755079365079365	
1	1	0.98	0.634810744810745	
1	1	0.942857142857143	0.696883116883117	
1	1	1	0.815873015873016	
1	1	0.948484848484848	0.693405483405483	
1	1	0.981818181818182	0.68001221001221	
1	1	0.981818181818182	0.72450937950938	
1	1	1	0.701984126984127	
1	1	0.98	0.73491341991342	
1	1	0.981818181818182	0.707922077922078	
1	1	0.966666666666667	0.798821733821734	
1	1	1	0.688809523809524	
1	1	0.96	0.735870795870796	
1	1	0.924675324675325	0.767929292929293	
1	1	1	0.769211344211344	
1	1	0.963636363636364	0.703715728715729	
1	1	0.94	0.700064935064935	
1	1	0.977777777777778	0.757862137862138	
1	1	0.95959595959596	0.723266178266178	
1	1	0.95959595959596	0.713186813186813	
1	1	1	0.752073482073482	
1	1	1	0.658095238095238	
1	1	1	0.752220002220002	
1	1	0.951428571428571	0.668556998556998	
1	1	0.966666666666667	0.847326007326007	
1	1	0.977777777777778	0.6302553002553	
1	1	1	0.737973137973138	
1	1	0.928484848484848	0.77484126984127	
1	1	0.904761904761905	0.80512987012987	
1	1	1	0.732205572205572	
1	1	0.977777777777778	0.657142857142857	
1	1	0.963636363636364	0.773160173160173	
1	1	0.98	0.755488400488401	
1	1	0.944444444444444	0.701666666666667	
1	1	1	0.672373737373737	
1	1	0.933246753246753	0.732234432234432	
1	1	0.946666666666667	0.7254884004884	
1	1	0.981818181818182	0.688100233100233	
1	1	0.981818181818182	0.708165168165168	
1	1	0.966666666666667	0.749920634920635	
1	1	1	0.675627705627706	
1	1	0.933333333333333	0.739334554334554	
1	1	0.98	0.779660894660895	
1	1	0.977777777777778	0.703675213675214	
1	1	0.948484848484848	0.748742368742369	
1	1	0.925454545454545	0.691974691974692	
1	1	0.938095238095238	0.699144189144189	
1	1	1	0.725050505050505	
1	1	0.933246753246753	0.679747474747475	
1	1	0.96	0.707287157287157	
1	1	0.981818181818182	0.725664335664336	
1	1	0.981818181818182	0.699191919191919	
1	1	1	0.750064935064935	
1	1	0.915151515151515	0.658484848484848	
1	1	1	0.653318903318903	
1	1	0.971428571428572	0.701428571428571	
				
