gamma=0.1	gamma=0.3	gamma=0.7	gamma=0.9	
0.431235431235431	0.146714981904182	0.161002034867734	0.105523197929112	
0.289395135464362	0.136470732119669	0.619047619047619	0.214506807066287	
0.153846153846154	0.561008403361345	0.264880386836719	0.191649747754399	
0.217997486384583	0.383417373995464	0.187766830870279	0.534883720930233	
0.367021363645508	0.31085744664692	0.378144078144078	0.4062220279817	
0.471258161247841	0.218037518037518	0.27489793279267	0.210702671972028	
0.426615051615052	0.243419870345243	0.361066334795148	0.216123949579832	
0.397419628512065	0.52012987012987	0.37030959028059	0.383939354496661	
0.446641838553603	0.364783910997005	0.327492095533333	0.42936326323054	
0.306037907161503	0.380919331898618	0.267235740450026	0.507222849614154	
0.415120671155154	0.411442619005644	0.463410663410663	0.549866594311039	
0.422725548552754	0.432628572608604	0.542838196286472	0.293454158016227	
0.31433524037101	0.402863182475758	0.349048337283631	0.535505430242272	
0.593560501123526	0.682207207207207	0.462617981975399	0.567878028404344	
0.602905140836175	0.409476407845973	0.516455026455027	0.441783978548684	
0.428878406708595	0.17814572467204	0.508377425044092	0.712359943977591	
0.375752599890531	0.503403601229688	0.642142857142857	0.528168504555973	
0.531739215176908	0.424744178235558	0.502973217258932	0.636574629851941	
0.565983634833244	0.447849927849928	0.633333333333333	0.488402825244931	
0.442067736185383	0.406967635539064	0.436659234485321	0.409162090892146	
0.448077101585873	0.63536371036371	0.56007656549084	0.538518876018876	
0.438674083118528	0.451294775053199	0.48282635239157	0.300191021759649	
0.673772609819121	0.385391447632827	0.509149114191131	0.478563103563104	
0.618997668997669	0.737752329192547	0.520785127802672	0.469119429590018	
0.406613102080938	0.57687074829932	0.751315351315351	0.640567130763209	
0.8	0.672875816993464	0.59047619047619	0.537848793363499	
0.586229957570073	0.518528693528694	0.540815100815101	0.403581871345029	
0.467374794745484	0.587555301841016	0.477651515151515	0.552494172494173	
0.516326530612245	0.796474358974359	0.364739500265816	0.53689650219062	
0.539591165413534	0.57923199767712	0.570203317494339	0.588235930735931	
0.841666666666667	0.517218137254902	0.569227691076431	0.635661764705882	
0.486060236060236	0.683997172418225	0.506599881599882	0.671177054829229	
0.328675358851408	0.503133195307108	0.543745938921377	0.573612151737152	
0.535793650793651	0.627730294396961	0.503970149932883	0.528167071024214	
0.557568705804	0.616068850728697	0.466382379697597	0.592813765182186	
0.560651455318093	0.568370538600802	0.487530108780109	0.649206349206349	
0.637301587301587	0.594386850965798	0.680199824330259	0.557216117216117	
0.548332531665865	0.627850091085385	0.765079365079365	0.71298241613459	
0.706060606060606	0.750638032990974	0.776328502415459	0.678053942789237	
0.530054271708683	0.664636561695385	0.706156629318394	0.726540619873953	
0.587893772893773	0.596807359307359	0.511194566750122	0.458062435500516	
0.437928921568627	0.575479150479151	0.707480029048656	0.532939886480908	
0.627455176402545	0.686507936507937	0.703703703703704	0.617380952380952	
0.731652661064426	0.644179894179894	0.555190125778361	0.674255628177197	
0.733950617283951	0.570259462759463	0.714778016469746	0.644806255835668	
0.652540360873694	0.667444473252096	0.699445372690987	0.705952380952381	
0.585466914038343	0.518052074631022	0.72108843537415	0.691829004329004	
0.615804334554334	0.411186696900983	0.696017871017871	0.728962703962704	
0.691654659999435	0.752272727272727	0.58965848965849	0.548757309941521	
0.826428571428571	0.779977025898078	0.544510941414966	0.617066894234077	
0.598133116883117	0.653055555555556	0.7627765064836	0.630470304063654	
0.526006441223833	0.682828282828283	1	0.754696284108049	
0.687342287342287	0.707985347985348	0.687777243332799	0.732435465768799	
0.772525676937442	0.634844322344322	0.518662818662819	0.910493827160494	
0.725947736474052	0.522608941709112	0.724931858265192	0.671620971620972	
0.7029350061703	0.806122448979592	0.784656084656085	0.586794871794872	
0.708939014202172	0.743745143745144	0.633581002331002	0.55502072002072	
0.717047930283224	0.709351432880845	0.663558897243108	0.71045066045066	
0.537875150060024	0.654761904761905	0.82312925170068	0.614770739064857	
0.66962962962963	0.602009379509379	0.52408518468116	0.709455128205128	
0.660280552780553	0.720089786756453	0.61471322537112	0.604771908763505	
0.627645502645503	0.66998556998557	0.792195458862126	0.718270676691729	
0.658556721056721	0.791636141636142	0.792881446039341	0.689949604982285	
0.697569097569098	0.710496794871795	0.675079365079365	0.887755102040816	
0.744722222222222	0.719715956558062	0.751430976430976	0.730816714150047	
0.697916666666667	0.51465058575033	0.686816578483245	0.623617123617124	
0.679978354978355	0.656651264494402	0.729422799422799	0.670068690244129	
0.795461243737106	0.725228937728938	0.784003496503497	0.572023809523809	
0.702255639097744	0.683333333333333	0.761747511747512	0.732642357642358	
0.65530303030303	0.571579411491692	0.682844932844933	0.713461538461538	
0.762581168831169	0.771767381416504	0.706512237762238	0.787944807552651	
0.929166666666667	0.674408212560387	0.749621212121212	0.866428571428571	
0.785329956898584	0.67935162425294	0.790243669374104	0.655568765217888	
0.765865642677237	0.634667184667185	0.719599844599845	0.742589768905558	
0.942592592592593	0.635247986821213	0.719515669515669	0.851048951048951	
0.763280632411067	0.7937441643324	0.6105834262356	0.554224787558121	
0.681807081807082	0.741002747252747	0.824252136752137	0.815634920634921	
0.850899100899101	0.708141882483988	0.71754582865694	0.662084962809601	
0.831351981351981	0.762674362674363	0.65991452991453	0.796666666666667	
0.564197530864198	0.665763125763126	0.886752136752137	0.892482517482518	
0.731159420289855	0.786815523657629	0.704639804639805	0.839323671497585	
0.783613445378151	0.700555555555555	0.726849816849817	0.79968253968254	
0.751187084520418	0.717355683532154	0.599426807760141	0.678099694423224	
0.701587301587302	0.770897435897436	0.768452380952381	0.691859310280363	
0.777865961199294	0.798300464967132	0.715993519915088	0.75094696969697	
0.948051948051948	0.639420252949665	0.714033189033189	0.780891330891331	
0.812012062012062	0.738098808274247	0.822807192807193	0.74962444962445	
0.786565656565657	0.726006441223833	0.602347656581066	0.770436507936508	
0.605472559394128	0.930718954248366	0.809761904761905	0.816122004357298	
0.744035087719298	0.812570145903479	0.770322344322344	0.742261904761905	
0.874017094017094	0.811372549019608	0.817680776014109	0.797691197691198	
0.802956030897207	0.833583959899749	0.792703081232493	0.825925925925926	
0.64003663003663	0.800595238095238	0.849119769119769	0.795151515151515	
0.747619047619048	0.742328042328042	0.736309523809524	0.866190476190476	
0.673608058608059	0.853968253968254	0.887205387205387	0.849159936879235	
0.77976467976468	0.750412087912088	0.845767195767196	0.738095238095238	
0.828484848484848	0.708450046685341	0.707564102564103	0.890993265993266	
0.819017094017094	0.827457264957265	0.764031339031339	0.794516594516595	
0.94973544973545	0.799145299145299	0.776577540106952	0.827655677655678	
0.935353535353535	0.802222222222222	0.714163614163614	0.837393162393162	
0.714232295482296	0.80453342953343	0.781094831094831	0.771604938271605	
0.8597668997669	0.858412698412698	0.904166666666667	0.842735042735043	
0.837843137254902	0.696801346801347	0.742744360902256	0.928571428571429	
0.841666666666667	0.730893126481362	0.740859010270775	0.735718954248366	
0.806058410188845	0.852164502164502	0.867552334943639	0.85	
0.722706995256015	0.786446886446886	0.789256854256854	0.76292735042735	
0.75003663003663	0.772435897435897	0.805555555555556	0.762962962962963	
0.753968253968254	0.733333333333333	0.721047008547009	0.865833333333333	
0.686676286676287	0.858574879227053	0.958333333333333	0.806666666666667	
0.755238095238095	0.857777777777778	0.885185185185185	0.634721944721945	
0.7393297878592	0.825567765567765	0.891737891737892	0.792105263157895	
0.731183102611674	0.779242979242979	0.699702380952381	0.774143692564745	
0.862326007326007	0.77743783993784	0.835923335923336	0.821666666666667	
0.75275974025974	0.865740740740741	0.846764346764347	0.734404761904762	
0.862433862433862	0.765812890812891	0.862081128747795	0.848701298701299	
0.750757575757576	0.84981240981241	0.821904761904762	0.844444444444444	
0.730335097001764	0.820545814479638	0.888888888888889	0.836904761904762	
0.747822966507177	0.795054945054945	0.867788461538462	0.854382284382284	
0.774859708193042	0.834858387799564	0.942857142857143	0.727160493827161	
0.716490137542769	0.817682317682318	0.771252204585538	0.785802469135802	
0.834722222222222	0.821340388007055	0.772247474747475	0.778342953342953	
0.926262626262626	0.811955691367456	0.940476190476191	0.763268213268213	
0.758119658119658	0.654012345679012	0.878095238095238	0.732738095238095	
0.609916274201988	0.749456975772765	0.901587301587302	0.864197530864197	
0.770043572984749	0.846111111111111	0.872619047619048	0.813492063492063	
0.831818181818182	0.886349206349206	0.854230769230769	0.742897842897843	
0.805996472663139	0.778961038961039	0.736101589042766	0.734640522875817	
0.756459330143541	0.861818181818182	0.631461131461131	0.7650623885918	
0.748556998556999	0.810391496666007	0.878787878787879	0.881032547699214	
0.812777777777778	0.764927810980443	0.920054945054945	0.787843137254902	
0.808621933621934	0.75015873015873	0.808872549019608	0.831216931216931	
0.843167249417249	0.7520337995338	0.641077441077441	0.791975308641975	
0.84034188034188	0.697296037296037	0.776984126984127	0.851426024955437	
0.890812890812891	0.78327731092437	0.776984126984127	0.825925925925926	
0.781428571428571	0.856442577030812	0.782106782106782	0.890659340659341	
0.905	0.839381207028266	0.929193899782135	0.847646180979514	
0.793496732026144	0.861843711843712	0.852813852813853	0.815	
0.867226890756303	0.832244422244422	0.876666666666667	0.74368551738117	
0.865627705627706	0.70266290726817	0.889594356261023	0.721604938271605	
0.849007936507936	0.722438672438672	0.88489010989011	0.891369047619048	
0.798095238095238	0.813826728826729	0.910064935064935	0.890812890812891	
0.849119769119769	0.830952380952381	0.865151515151515	0.766041366041366	
0.91875	0.910213243546577	0.760912698412698	0.84	
0.714444444444444	0.774415584415584	0.907828282828283	0.779761904761905	
0.899118165784832	0.851428571428571	0.878484848484849	0.808641975308642	
0.898412698412698	0.73038961038961	0.890151515151515	0.85448343079922	
0.977777777777778	0.864197530864197	0.96875	0.886666666666667	
0.779166666666667	0.881481481481481	0.816035696329814	0.955555555555555	
0.829174788823912	0.78702380952381	0.75984126984127	0.901138367805035	
0.8	0.888461538461539	0.867758385405444	0.777272727272727	
0.711565656565657	0.854890788224121	0.749833333333333	0.828888888888889	
0.769871794871795	0.894444444444444	0.845582812249479	0.843246753246753	
0.809611992945326	0.821675579322638	0.83959595959596	0.821698671698672	
0.846969696969697	0.756318681318681	0.861428571428571	0.843398268398268	
0.763809523809524	0.784660894660895	0.844786324786325	0.900997150997151	
0.858104858104858	0.950617283950617	0.893906093906094	0.851111111111111	
0.878835978835979	0.86331569664903	0.891478891478892	0.949206349206349	
0.922857142857143	0.862121212121212	0.839607843137255	0.938034188034188	
0.861728395061728	0.79970473970474	0.806282051282051	0.85016835016835	
0.918871252204585	0.821896621896622	0.87954822954823	0.95959595959596	
0.780555555555556	0.9	0.905205905205905	0.891818181818182	
0.87037037037037	0.816556776556777	0.792777777777778	0.870220588235294	
0.844230769230769	0.915151515151515	0.905555555555556	0.881623931623931	
0.941120607787274	0.961111111111111	0.846031746031746	0.831916971916972	
0.889285714285714	0.88030303030303	0.891818181818182	0.946031746031746	
0.885454545454545	0.773023218611454	0.876969696969697	0.882222222222222	
0.783015873015873	0.883928571428571	0.91991341991342	0.788095238095238	
0.862433862433862	0.870555555555556	0.871683871683872	0.814978354978355	
0.842948717948718	0.879295704295704	0.812331002331002	0.826141490088859	
0.968253968253968	0.903333333333333	0.896503496503496	0.879356060606061	
0.813783993783994	0.903333333333333	0.938095238095238	0.816666666666667	
0.926984126984127	0.778730158730159	0.948051948051948	0.901731601731602	
0.951159951159951	0.820952380952381	0.891452991452992	0.872222222222222	
0.855627705627706	0.941818181818182	0.934444444444445	0.86530303030303	
0.944230769230769	0.854964207905384	0.894083694083694	0.896037296037296	
0.853846153846154	0.835626102292769	0.971428571428572	0.981481481481482	
0.871434121434121	0.916346153846154	0.881731601731602	0.878095238095238	
0.975	0.871957671957672	0.907575757575758	0.866666666666667	
0.762393162393162	0.83	0.827373737373737	0.824761904761905	
0.848928571428571	0.84491341991342	0.937777777777778	0.907941176470588	
0.82031746031746	0.887777777777778	0.913675213675214	0.941758241758242	
0.901414141414141	0.888787878787879	0.872008547008547	0.903246753246753	
1	0.834343434343434	0.848846153846154	0.807272588522589	
0.854230769230769	0.894207027540361	0.888271604938272	0.89491341991342	
0.76751012145749	0.938636363636364	0.91517094017094	0.873008658008658	
0.94973544973545	0.853906093906094	1	0.911818181818182	
0.953703703703704	0.971428571428572	0.870726495726496	0.87991341991342	
0.913333333333333	0.904761904761905	0.95	0.933246753246753	
0.893223443223443	0.767556561085973	0.951111111111111	0.896666666666667	
0.854230769230769	0.942760942760943	0.896666666666667	0.832222222222222	
0.839059829059829	0.842326007326007	0.891341991341991	0.918831168831169	
0.91638608305275	0.981481481481482	0.909290709290709	0.95	
0.791341991341991	0.829038281979459	0.89	0.936818181818182	
0.853703703703704	0.926428571428571	0.901666666666667	0.850529100529101	
0.874897119341564	0.91	0.912537136066548	0.931428571428571	
0.933333333333333	0.804444444444444	0.933333333333333	0.835024531024531	
0.825659340659341	0.915151515151515	0.831428571428571	1	
0.957777777777778	0.95	0.946666666666667	0.914285714285714	
0.884615384615385	0.890659340659341	0.860518648018648	0.910897435897436	
0.790005316321106	0.886190476190476	0.806378294907707	0.84986568986569	
1	0.863611111111111	0.871428571428571	0.863095238095238	
0.904842071508738	0.876414141414142	0.935897435897436	0.935	
0.806532356532357	0.917410714285714	0.941666666666667	0.941818181818182	
0.924893162393163	0.935064935064935	0.946031746031746	0.906666666666667	
0.863246753246753	0.79021164021164	0.908214624881291	0.830454545454545	
0.938636363636364	0.9	0.971428571428572	0.935064935064935	
0.881818181818182	0.879230769230769	0.825925925925926	0.965151515151515	
0.812438672438672	0.921428571428571	0.981481481481482	0.887667887667888	
0.962962962962963	0.98	0.884330484330484	0.924786324786325	
0.897411616161616	0.971428571428571	0.857326007326007	0.816666666666667	
0.941414141414141	0.955555555555555	0.885858585858586	0.925308641975309	
0.958333333333333	0.867301587301587	0.889206349206349	0.907326007326007	
0.945151515151515	0.908484848484848	0.847477522477523	0.948484848484849	
0.9375	0.75507215007215	0.955555555555555	0.817973384640051	
0.784188034188034	0.913333333333333	0.971428571428572	0.940151515151515	
0.911816578483245	0.927777777777778	0.901428571428571	0.9	
0.876623376623377	0.875661375661376	0.875151515151515	0.951428571428571	
0.888095238095238	0.955555555555555	0.825925925925926	0.95679012345679	
0.921818181818182	0.921794871794872	0.916200466200466	0.919753086419753	
0.949230769230769	0.921428571428571	0.905627705627706	0.895061728395062	
0.969230769230769	0.889594356261023	0.981481481481482	0.868095238095238	
0.935664335664336	0.88031746031746	0.954761904761905	0.859217171717172	
1	0.894179894179894	0.957777777777778	0.837445887445887	
1	0.971428571428572	0.898333333333333	0.885064935064935	
0.913636363636364	0.91	1	0.917651515151515	
0.911282051282051	0.917777777777778	0.981818181818182	0.906969696969697	
0.984615384615385	0.981818181818182	0.931818181818182	0.944444444444444	
0.927328843995511	0.912564102564102	0.913095238095238	0.873646723646724	
0.852142857142857	0.949206349206349	0.890555555555556	0.981481481481482	
0.955555555555555	0.815974765974766	0.91959595959596	0.913246753246753	
0.880250305250305	0.971428571428571	0.906024531024531	0.924206349206349	
0.868131868131868	0.885	0.893100233100233	0.894444444444444	
0.867857142857143	0.963333333333333	0.983333333333333	0.925	
0.952777777777778	0.927272727272727	0.892715617715618	0.908831908831909	
0.935555555555555	0.734295334295334	0.932867132867133	0.922477522477523	
0.883333333333333	0.876262626262626	1	0.902777777777778	
0.872574955908289	0.923232323232323	0.876190476190476	0.888095238095238	
0.923636363636364	0.981481481481482	0.86031746031746	0.91991341991342	
0.89709595959596	0.828846153846154	0.944761904761905	0.983333333333333	
0.948148148148148	0.88	0.935	0.884206349206349	
0.93030303030303	0.888034188034188	0.820151515151515	0.916305916305916	
0.885185185185185	0.885	0.932539682539683	0.927472527472527	
0.934382284382284	0.972222222222222	0.937179487179487	0.862962962962963	
0.911111111111111	0.96	0.743672993672994	0.86	
0.966666666666667	0.875661375661376	0.859206349206349	0.921428571428571	
0.913246753246753	0.941818181818182	0.944185444185444	0.826969696969697	
0.832897603485839	0.78031746031746	0.894017094017094	0.937777777777778	
0.95	0.883588633588634	0.897948717948718	0.865	
0.912862137862138	0.885	0.935353535353535	0.944615384615385	
0.897008547008547	0.923484848484848	0.940659340659341	0.953246753246753	
0.963333333333333	0.905	0.848412698412698	0.924206349206349	
0.921111111111111	0.953246753246753	0.923232323232323	0.955555555555555	
0.863246753246753	0.97979797979798	0.972222222222222	0.907407407407408	
0.916414141414141	0.95	0.941818181818182	0.981818181818182	
0.926666666666667	0.878266178266178	0.949206349206349	0.953086419753086	
0.944444444444444	0.891941391941392	0.877802197802198	1	
0.963636363636364	0.861279461279461	0.945151515151515	0.883333333333333	
0.826984126984127	0.963333333333333	0.939615384615385	0.881111111111111	
0.983333333333333	0.881818181818182	0.85943722943723	0.837049062049062	
0.934926184926185	0.966666666666667	0.837822671156005	0.844675324675325	
0.931216931216931	0.901428571428571	0.917171717171717	0.946031746031746	
0.963636363636364	0.938095238095238	0.877453102453103	0.981818181818182	
1	0.931428571428571	0.981818181818182	0.913095238095238	
0.905454545454546	0.913095238095238	0.894444444444444	0.891111111111111	
0.971428571428572	0.931730769230769	0.846866096866097	0.966433566433566	
0.931428571428571	0.931818181818182	0.966666666666667	0.939615384615385	
0.897142857142857	0.917777777777778	0.948333333333333	0.981818181818182	
0.931428571428571	0.957777777777778	0.895151515151515	0.937037037037037	
0.969230769230769	0.913333333333333	0.928826728826729	0.904444444444444	
0.966666666666667	0.855128205128205	0.82991341991342	0.948484848484848	
0.956818181818182	0.89	0.983333333333333	0.926666666666667	
0.96	0.889241622574956	0.951428571428572	0.965811965811966	
0.935	0.966666666666667	0.895555555555555	0.888271604938272	
0.914983164983165	0.971428571428572	0.946031746031746	0.912087912087912	
0.951048951048951	0.93030303030303	0.883405483405483	0.82991341991342	
1	0.983333333333333	0.889523809523809	0.92	
0.981818181818182	0.923484848484848	0.886024531024531	0.977777777777778	
0.789285714285714	1	1	0.867948717948718	
0.915	1	0.96	0.884206349206349	
0.874444444444444	0.906666666666667	0.975	0.946666666666667	
0.936818181818182	0.951428571428571	0.936507936507937	1	
0.884206349206349	0.966433566433566	0.951428571428571	0.885317460317461	
0.882457049123716	0.904444444444444	0.951428571428571	0.936818181818182	
0.922222222222222	0.891818181818182	0.981818181818182	0.95	
0.96	0.911111111111111	0.928826728826729	0.926111111111111	
0.955	1	0.943636363636364	0.971428571428572	
0.963636363636364	0.95	0.962393162393163	0.895064935064935	
0.91959595959596	0.952777777777778	0.961111111111111	0.926428571428572	
0.917777777777778	0.888461538461539	0.971428571428572	0.907142857142857	
1	0.959259259259259	0.908333333333333	0.971428571428572	
0.971428571428572	0.796731601731602	0.888095238095238	0.893333333333333	
0.921428571428571	0.87959595959596	0.861111111111111	0.906024531024531	
0.933846153846154	1	0.881428571428571	0.929206349206349	
0.984615384615385	0.888888888888889	0.972222222222222	0.878787878787879	
0.96	0.946428571428572	0.921428571428571	0.945151515151515	
1	0.882477522477523	0.963636363636364	0.975	
0.981818181818182	0.977777777777778	0.941077441077441	0.866666666666667	
0.930864197530864	0.961111111111111	0.917857142857143	0.972222222222222	
1	0.788082505729565	0.909508547008547	0.889285714285714	
1	0.91	0.97979797979798	0.983333333333333	
0.977777777777778	0.963333333333333	0.981818181818182	0.905274725274725	
0.962393162393163	0.95959595959596	0.958333333333333	0.923333333333333	
1	0.951428571428571	1	0.949206349206349	
0.868398268398268	0.937777777777778	0.91459595959596	0.981481481481482	
1	0.911428571428571	1	0.947530864197531	
1	0.98	0.961818181818182	0.983333333333333	
0.957777777777778	0.963636363636364	0.873219373219373	0.882453102453102	
1	0.963636363636364	0.977777777777778	0.884343434343434	
0.927777777777778	0.9000777000777	0.984615384615385	0.931818181818182	
0.95	0.934761904761905	0.956818181818182	0.833333333333333	
1	0.925	0.954761904761905	0.981818181818182	
1	0.927777777777778	1	0.916818181818182	
0.977777777777778	0.975	0.981818181818182	0.98	
1	0.932777777777778	0.971428571428571	0.975	
0.983333333333333	1	0.952777777777778	0.895064935064935	
1	0.961818181818182	0.941818181818182	0.907407407407408	
0.908333333333333	0.951159951159951	0.925925925925926	0.923484848484848	
0.963333333333333	1	0.921428571428571	1	
0.93	0.934382284382284	0.942929292929293	0.891111111111111	
0.904761904761905	0.886984126984127	0.92	0.96	
0.933333333333333	0.904615384615385	0.971428571428572	1	
1	1	0.966666666666667	0.946666666666667	
0.862777777777778	0.907539682539683	0.925	0.98	
0.916883116883117	0.981481481481481	0.957777777777778	1	
1	0.888636363636364	0.977777777777778	0.977777777777778	
0.955	0.958333333333333	0.949206349206349	0.948484848484848	
0.971428571428571	1	1	0.873160173160173	
0.968253968253968	0.964705882352941	0.955106621773288	1	
0.946428571428572	0.981818181818182	1	0.981818181818182	
0.910662177328844	0.949206349206349	0.940740740740741	0.981818181818182	
0.975308641975309	1	1	0.966666666666667	
1	0.910805860805861	0.941818181818182	1	
0.981818181818182	0.951428571428571	0.95959595959596	0.963636363636364	
0.939377289377289	0.934615384615385	1	0.868802308802309	
0.916043956043956	0.966666666666667	0.943333333333333	0.938095238095238	
0.951428571428571	0.929761904761905	0.91	0.95	
1	1	0.937777777777778	0.863403263403263	
0.931481481481481	0.958333333333333	0.954761904761905	0.977777777777778	
0.917715617715618	0.957777777777778	0.96	0.930864197530864	
1	0.971428571428571	0.953246753246753	0.937037037037037	
0.981818181818182	0.915151515151515	1	1	
1	0.983333333333333	1	0.933100233100233	
0.94	0.945151515151515	0.977777777777778	0.90959595959596	
0.95	0.941111111111111	0.983333333333333	0.977777777777778	
0.971428571428572	0.955	1	0.946428571428571	
0.948251748251748	0.944615384615385	0.983333333333333	1	
0.981818181818182	0.898316498316498	0.971428571428572	0.975	
0.944444444444444	0.957777777777778	0.876190476190476	0.870707070707071	
0.949206349206349	0.966666666666667	0.93	0.93	
1	0.952020202020202	1	0.888484848484848	
0.916666666666667	0.977777777777778	0.966666666666667	0.971428571428572	
0.936111111111111	1	1	0.931818181818182	
0.938095238095238	0.963333333333333	0.969230769230769	0.981818181818182	
0.928246753246753	0.975	0.926029526029526	0.975	
0.881731601731602	0.91	0.962962962962963	0.93	
0.957777777777778	1	0.983333333333333	0.984615384615385	
0.983333333333333	0.982905982905983	0.98	0.91	
1	0.888095238095238	0.975	0.984615384615385	
0.932777777777778	0.975	1	0.946428571428572	
0.95	1	1	0.981818181818182	
0.981481481481482	1	0.887563025210084	0.898484848484848	
0.927948717948718	0.977777777777778	0.926666666666667	0.927777777777778	
1	0.952777777777778	0.966666666666667	1	
0.952777777777778	1	1	0.981481481481481	
1	0.904444444444444	0.912698412698413	0.983333333333333	
0.916666666666667	1	0.98	0.955	
0.955	1	0.97979797979798	0.977777777777778	
1	0.958333333333333	1	0.968253968253968	
0.893333333333333	0.98	0.933333333333333	0.944615384615385	
1	0.960683760683761	0.949206349206349	0.93	
0.969230769230769	0.881818181818182	0.983333333333333	0.931024531024531	
0.943333333333333	0.98	0.892948717948718	0.981818181818182	
1	0.915151515151515	1	0.897948717948718	
0.977777777777778	0.966666666666667	0.975	0.946666666666667	
0.865151515151515	0.942857142857143	0.975	0.957777777777778	
1	0.971428571428572	0.983333333333333	1	
1	0.938095238095238	0.966666666666667	0.975	
1	0.918095238095238	0.97979797979798	0.904761904761905	
1	0.966666666666667	0.983333333333333	0.959615384615385	
0.945726495726496	0.983333333333333	0.944230769230769	0.935	
0.95	0.916239316239316	0.944230769230769	1	
0.966666666666667	0.98	0.963636363636364	1	
1	0.981818181818182	0.961818181818182	0.98	
0.98	0.916666666666667	1	0.981818181818182	
1	0.942857142857143	0.966666666666667	0.936580086580087	
0.915151515151515	1	0.975	0.9	
0.95959595959596	0.92	0.975	0.888888888888889	
0.983333333333333	1	0.971428571428572	0.971428571428572	
0.896428571428572	0.95	0.977777777777778	0.975	
0.931818181818182	0.966666666666667	0.96	0.875815850815851	
1	0.971428571428571	0.977777777777778	0.977777777777778	
0.9	1	0.957777777777778	0.98	
0.911428571428571	1	0.983333333333333	0.96	
0.95959595959596	0.981818181818182	0.983333333333333	1	
1	0.93	1	1	
0.983333333333333	0.95959595959596	0.975	1	
1	0.971428571428571	0.981818181818182	0.931818181818182	
0.941818181818182	1	0.983333333333333	0.98	
0.935	0.981818181818182	0.975	1	
1	0.98	0.975	0.96	
0.941433566433566	0.966666666666667	1	1	
0.916666666666667	0.946428571428572	0.977777777777778	0.983333333333333	
0.937777777777778	0.975	0.96	1	
1	0.971428571428571	1	0.957777777777778	
0.961818181818182	0.963636363636364	0.917373737373737	0.981818181818182	
1	0.981818181818182	1	0.966666666666667	
0.949206349206349	0.951428571428571	0.899206349206349	0.977777777777778	
0.965811965811966	1	1	1	
1	0.983333333333333	0.981818181818182	0.964615384615385	
1	1	1	0.977777777777778	
0.941818181818182	0.946428571428572	1	0.952272727272727	
1	1	1	0.96	
0.902777777777778	0.962393162393162	0.887777777777778	0.971428571428572	
0.956043956043956	0.966666666666667	0.936507936507937	0.981818181818182	
1	1	1	0.98	
0.977777777777778	0.966666666666667	0.933333333333333	0.914761904761905	
1	0.961111111111111	1	1	
1	0.98	0.981818181818182	0.96	
1	0.971428571428572	1	0.95	
0.879230769230769	0.981818181818182	1	1	
0.96	1	0.98	0.922222222222222	
0.931818181818182	0.984615384615385	1	0.95	
0.957777777777778	0.981818181818182	1	0.981818181818182	
1	1	1	0.981481481481482	
0.981818181818182	0.96	0.971428571428572	0.984615384615385	
0.948484848484848	0.915151515151515	1	0.95	
0.898095238095238	0.971428571428571	0.96	1	
0.983333333333333	1	1	1	
0.919444444444445	1	1	1	
1	1	0.971428571428572	0.948484848484848	
0.966666666666667	0.981818181818182	1	0.933333333333333	
0.951428571428571	0.981818181818182	0.95	1	
0.925308641975309	0.919753086419753	1	0.981818181818182	
0.931481481481481	0.947530864197531	0.981818181818182	0.971428571428572	
0.98	1	0.977777777777778	0.975	
0.975	0.971428571428571	0.98	0.971428571428572	
1	1	0.963636363636364	0.955	
0.98	0.944444444444444	0.983333333333333	0.98	
0.942857142857143	0.955	0.95959595959596	1	
0.966666666666667	1	0.98	1	
1	1	0.975	1	
0.954761904761905	1	0.948484848484848	0.98	
0.96	0.948484848484848	1	0.981818181818182	
1	0.955	0.971428571428572	1	
1	1	0.965151515151515	0.931818181818182	
0.908424908424908	1	0.954761904761905	0.983333333333333	
0.96	0.910805860805861	1	0.975	
0.977777777777778	1	0.984615384615385	0.924444444444444	
0.966666666666667	1	0.966666666666667	0.96	
0.984615384615385	0.931428571428571	0.98	1	
1	0.977777777777778	1	0.975308641975309	
0.95	0.91	1	1	
0.919230769230769	0.977777777777778	0.938271604938272	1	
0.95	0.977777777777778	0.944230769230769	0.935	
0.942857142857143	1	0.941818181818182	1	
0.959615384615385	0.981818181818182	0.95	0.977777777777778	
1	1	1	0.963636363636364	
0.971428571428571	1	1	0.946666666666667	
0.983333333333333	0.975	1	0.931428571428571	
1	1	1	1	
0.983333333333333	1	1	1	
1	0.946428571428572	0.983333333333333	0.966666666666667	
1	0.971428571428572	0.981818181818182	1	
1	1	1	1	
0.95	0.975	1	1	
1	1	1	0.981818181818182	
0.957777777777778	0.983333333333333	0.977777777777778	1	
0.971428571428572	1	0.971428571428572	0.973333333333333	
0.916666666666667	0.975	1	1	
0.96	1	1	0.983333333333333	
1	1	0.981818181818182	0.971428571428572	
0.963636363636364	0.98	1	0.983333333333333	
1	0.981818181818182	0.981818181818182	1	
1	1	1	0.981818181818182	
0.933333333333333	0.977777777777778	1	1	
1	0.981481481481481	0.975	0.947008547008547	
0.949230769230769	1	1	1	
0.961818181818182	0.981818181818182	0.981818181818182	1	
0.98	1	0.983333333333333	0.983333333333333	
1	0.951428571428571	0.98	0.98	
0.924444444444445	0.953246753246753	1	0.95	
0.933333333333333	0.971428571428572	1	0.977777777777778	
0.983333333333333	1	1	0.968253968253968	
1	1	0.977777777777778	0.975	
0.975	1	1	0.981818181818182	
1	0.975	0.958333333333333	1	
1	1	0.953246753246753	0.973333333333333	
0.981818181818182	0.98	0.962393162393162	0.966666666666667	
0.935	0.977777777777778	1	1	
1	0.983333333333333	1	1	
1	0.977777777777778	1	0.96	
0.916666666666667	1	1	1	
0.966433566433566	1	1	0.983333333333333	
1	1	1	1	
1	1	1	1	
1	1	1	1	
1	0.971428571428572	0.98	0.961111111111111	
0.971428571428572	0.983333333333333	0.933246753246753	0.975	
1	1	0.983333333333333	1	
1	1	1	1	
0.984615384615385	0.962393162393162	1	1	
1	1	0.977777777777778	0.975	
1	0.966666666666667	1	1	
0.971428571428572	1	1	1	
0.96	0.981818181818182	1	0.95	
0.955	1	1	1	
1	0.944444444444444	1	1	
0.977777777777778	1	0.96	0.926666666666667	
1	1	0.975	1	
0.983333333333333	0.955151515151515	0.981818181818182	1	
1	0.975	0.971428571428572	0.984615384615385	
0.975	1	1	0.98	
0.977777777777778	0.98	0.975	0.983333333333333	
0.984615384615385	0.967948717948718	0.936580086580087	1	
1	1	0.977777777777778	0.963333333333333	
1	0.972222222222222	0.95	1	
1	0.9	1	0.981818181818182	
1	1	1	1	
1	0.981818181818182	0.966433566433566	1	
1	0.977777777777778	0.98	1	
0.971428571428571	0.963333333333333	1	1	
1	1	1	0.981818181818182	
0.975	1	1	1	
1	1	0.984615384615385	1	
1	0.98	0.966666666666667	0.983333333333333	
0.916043956043956	0.973333333333333	0.96	1	
1	1	0.966666666666667	1	
1	0.975	0.975	1	
0.949206349206349	0.977777777777778	0.975308641975309	1	
0.977777777777778	0.975	1	1	
1	0.971428571428571	0.95	0.971428571428571	
1	0.98	1	1	
0.96	0.98	1	0.95	
1	1	1	0.934615384615385	
1	1	1	1	
0.98	1	0.98	0.913095238095238	
0.96	0.966666666666667	1	1	
1	0.98	0.975	0.977777777777778	
1	0.961818181818182	1	1	
0.975308641975309	1	1	0.93	
0.941818181818182	1	0.981818181818182	0.983333333333333	
0.971428571428572	1	1	1	
0.921428571428571	1	0.957777777777778	0.977777777777778	
0.971428571428572	0.96	0.933333333333333	1	
0.98	1	0.96	1	
0.977777777777778	0.953246753246753	1	1	
1	1	0.971428571428571	0.975	
0.977777777777778	0.971428571428572	0.981818181818182	1	
0.971428571428572	0.96	1	1	
1	1	0.948251748251748	1	
1	1	1	0.981818181818182	
0.977777777777778	0.971428571428571	1	1	
0.963636363636364	1	1	0.977777777777778	
1	1	0.968253968253968	1	
0.983333333333333	1	0.975	1	
0.981818181818182	1	1	0.98	
0.981818181818182	1	1	1	
0.977777777777778	1	0.981818181818182	1	
0.971428571428572	1	1	1	
1	1	1	1	
1	1	1	0.93	
1	1	1	1	
1	1	1	1	
1	1	1	1	
1	0.981818181818182	0.95	1	
0.975	0.981818181818182	1	1	
1	1	0.908333333333333	1	
0.975	0.98	0.983333333333333	1	
1	1	1	1	
0.937777777777778	1	1	1	
1	1	0.981818181818182	1	
0.933333333333333	0.966666666666667	1	0.983333333333333	
1	1	0.926666666666667	0.969230769230769	
0.971428571428572	1	1	0.96	
0.981818181818182	1	1	1	
1	0.983333333333333	0.975	1	
1	0.95959595959596	1	0.966666666666667	
1	1	1	1	
1	1	1	1	
1	1	1	1	
1	1	1	0.98	
1	1	1	1	
0.925	0.966666666666667	1	1	
1	1	1	1	
1	0.98	1	1	
1	1	0.981818181818182	1	
1	0.966666666666667	1	0.96	
1	1	1	1	
0.964615384615385	1	1	1	
1	0.98	0.96	1	
0.977777777777778	1	1	0.983333333333333	
1	1	1	1	
1	1	1	1	
0.971428571428571	1	0.943333333333333	0.966666666666667	
0.96	1	1	1	
1	1	1	1	
1	1	1	1	
1	1	1	1	
0.966666666666667	1	1	1	
1	0.955	1	0.981818181818182	
0.981818181818182	0.977777777777778	0.971428571428572	1	
1	0.969230769230769	1	0.975	
1	1	1	1	
0.983333333333333	1	0.966666666666667	1	
0.975	1	1	1	
0.937777777777778	1	1	1	
0.984615384615385	1	0.983333333333333	1	
0.977777777777778	1	1	1	
0.983333333333333	1	1	1	
1	1	1	1	
1	1	0.983333333333333	1	
1	1	1	1	
1	1	0.966666666666667	1	
1	0.971428571428572	1	1	
0.95	0.886111111111111	0.94	1	
1	0.971428571428572	0.952777777777778	0.96	
0.981818181818182	1	1	0.961818181818182	
1	1	0.984615384615385	1	
0.975	1	0.981818181818182	1	
1	1	0.983333333333333	1	
1	0.945454545454546	1	0.975	
1	1	1	1	
0.966666666666667	0.971428571428572	1	1	
0.981818181818182	1	1	1	
1	0.981818181818182	1	1	
0.984615384615385	1	0.981818181818182	0.96	
0.977777777777778	1	1	1	
1	1	0.975	1	
0.966666666666667	0.975	1	0.966666666666667	
0.977777777777778	1	1	1	
1	1	1	1	
1	1	1	1	
1	1	1	1	
0.981818181818182	1	0.981818181818182	0.971428571428571	
1	0.966666666666667	0.944761904761905	1	
1	0.96	1	1	
1	0.966666666666667	0.971428571428571	0.96	
0.981818181818182	1	1	1	
1	1	1	1	
1	0.96	0.971428571428572	0.975	
0.983333333333333	1	1	0.98	
0.927777777777778	1	1	1	
1	1	0.981818181818182	1	
0.973333333333333	1	0.983333333333333	1	
1	1	1	0.916666666666667	
0.98	1	0.977777777777778	0.981818181818182	
1	1	1	0.95	
1	1	1	1	
1	0.96	0.977777777777778	1	
1	0.981818181818182	1	1	
1	1	0.95	1	
1	1	1	0.977777777777778	
1	0.98	1	1	
1	1	1	0.966666666666667	
1	1	1	1	
1	0.953246753246753	1	0.98	
1	1	1	1	
0.981818181818182	1	1	0.966666666666667	
1	1	1	1	
1	1	1	1	
1	1	0.963636363636364	0.95	
0.977777777777778	1	0.98	1	
1	1	0.971428571428572	0.966666666666667	
1	0.971428571428572	0.977777777777778	1	
1	1	1	1	
1	0.98	0.958333333333333	1	
1	1	0.954761904761905	1	
0.981818181818182	0.975	0.977777777777778	1	
0.975	1	1	1	
0.983333333333333	1	1	1	
1	1	0.984615384615385	1	
1	1	0.96	1	
0.975	0.95	1	0.963333333333333	
1	1	0.971428571428572	1	
1	0.977777777777778	1	1	
1	1	1	1	
1	0.975	1	0.983333333333333	
0.966666666666667	1	0.975	1	
1	1	1	1	
0.977777777777778	1	1	1	
1	1	1	1	
0.951428571428571	0.975	1	1	
1	1	1	1	
1	1	1	1	
1	1	1	1	
1	0.977777777777778	1	1	
1	1	0.975	1	
1	1	0.984615384615385	0.975	
1	1	1	1	
1	0.983333333333333	1	1	
1	1	0.95	1	
0.96	1	1	1	
0.975	1	1	1	
0.981818181818182	1	1	1	
1	0.934615384615385	1	1	
1	1	1	0.966666666666667	
1	1	1	1	
0.966666666666667	1	1	1	
1	1	1	1	
1	0.98	1	1	
1	1	1	1	
0.98	1	1	1	
0.966666666666667	1	1	0.981818181818182	
1	0.95	1	1	
1	1	1	1	
1	1	1	1	
0.942857142857143	1	1	1	
1	1	0.977777777777778	1	
1	1	0.96	0.977777777777778	
1	0.983333333333333	0.95	1	
0.971428571428571	1	0.975	1	
1	1	1	1	
1	1	1	1	
1	1	1	1	
1	1	1	1	
1	1	1	1	
1	1	1	1	
1	1	1	1	
0.983333333333333	1	1	0.975	
1	1	1	1	
0.98	1	0.975	1	
0.966666666666667	1	0.981818181818182	1	
1	0.981818181818182	0.981818181818182	1	
1	1	1	0.977777777777778	
0.96	1	1	0.977777777777778	
1	1	1	1	
1	1	1	1	
1	1	1	1	
1	1	1	1	
1	1	1	1	
1	1	1	0.971428571428572	
0.981818181818182	1	0.983333333333333	0.971428571428572	
1	1	1	1	
1	1	1	0.981818181818182	
1	0.983333333333333	1	1	
1	0.984615384615385	1	1	
0.961818181818182	1	1	1	
1	1	1	1	
1	1	1	1	
1	1	1	1	
1	1	1	1	
1	1	0.981818181818182	1	
1	1	1	1	
1	1	1	1	
1	0.983333333333333	0.977777777777778	1	
1	1	1	1	
1	0.977777777777778	1	1	
1	1	0.95	1	
1	1	1	1	
1	0.977777777777778	1	0.981818181818182	
1	1	1	1	
1	1	1	1	
1	1	1	1	
1	0.98	1	1	
1	0.971428571428572	1	1	
1	1	1	1	
1	0.962962962962963	1	1	
1	1	1	1	
1	0.971428571428572	1	1	
1	1	1	1	
1	1	1	1	
1	1	1	1	
1	1	0.983333333333333	1	
1	1	1	1	
1	0.977777777777778	1	1	
1	1	1	0.966666666666667	
1	1	1	1	
1	1	1	1	
1	0.966666666666667	1	1	
1	1	1	1	
1	1	1	1	
0.98	1	1	0.967948717948718	
1	1	1	1	
1	1	1	0.975	
1	1	1	1	
1	1	1	0.984615384615385	
0.977777777777778	0.951428571428571	1	1	
1	1	1	1	
1	1	1	1	
0.98	1	1	1	
1	0.956818181818182	0.96	0.975	
1	1	1	1	
1	1	1	1	
1	1	1	1	
1	1	1	1	
1	1	1	0.983333333333333	
1	1	1	1	
1	1	1	1	
1	1	1	0.975	
1	1	1	1	
1	0.981818181818182	1	1	
1	1	1	1	
1	0.98	1	1	
1	1	1	1	
1	1	1	1	
1	1	0.977777777777778	1	
1	0.981818181818182	1	1	
1	1	1	1	
1	0.98	1	1	
1	1	1	1	
1	1	1	1	
1	1	0.963636363636364	1	
1	1	1	1	
1	1	1	1	
1	1	1	1	
1	1	1	1	
1	0.966666666666667	1	1	
1	1	1	1	
1	0.95	1	1	
1	1	1	1	
1	1	1	0.981818181818182	
1	1	1	1	
1	1	1	1	
1	1	1	1	
1	1	0.981818181818182	1	
1	1	1	1	
0.96	1	1	1	
1	0.975	1	1	
1	1	1	1	
1	0.975	1	0.966666666666667	
1	1	1	1	
1	1	1	0.977777777777778	
1	1	1	1	
1	1	1	1	
1	1	1	1	
1	1	1	1	
1	1	1	1	
1	1	1	1	
1	1	1	1	
1	1	1	1	
1	0.983333333333333	1	1	
0.983333333333333	0.983333333333333	1	1	
1	1	1	1	
1	1	1	0.975	
1	1	1	1	
1	1	0.971428571428572	1	
1	1	1	1	
1	1	1	1	
1	1	1	1	
1	1	1	1	
1	1	1	1	
1	1	1	1	
1	1	1	1	
1	0.975	1	1	
1	1	1	1	
1	1	1	1	
1	1	1	1	
1	1	1	0.981818181818182	
1	1	0.933333333333333	1	
1	1	1	1	
1	1	0.977777777777778	1	
1	1	1	1	
1	1	1	1	
1	1	1	1	
1	1	0.96	1	
1	1	1	1	
1	1	1	0.981818181818182	
1	1	1	1	
1	1	1	1	
1	1	1	1	
1	1	1	1	
1	1	1	1	
1	1	1	1	
1	1	1	1	
1	0.983333333333333	1	1	
1	1	1	1	
1	1	1	1	
1	1	1	0.984615384615385	
0.937777777777778	1	1	1	
1	1	1	1	
1	1	1	1	
1	1	1	1	
1	1	1	1	
1	1	1	1	
0.984615384615385	0.98	1	1	
0.984615384615385	1	1	1	
0.971428571428572	1	1	1	
1	1	1	1	
1	1	1	1	
1	1	1	1	
1	1	1	1	
1	1	1	1	
1	1	0.977777777777778	1	
1	1	1	1	
1	1	1	1	
1	1	1	1	
1	1	1	1	
1	1	1	1	
1	1	0.975	1	
1	1	1	1	
0.966666666666667	1	1	1	
1	1	1	0.96	
1	1	0.977777777777778	1	
1	1	1	0.977777777777778	
1	1	1	1	
1	1	1	1	
1	1	1	1	
1	1	1	1	
1	1	0.977777777777778	1	
1	1	1	1	
1	1	1	1	
1	1	1	1	
1	1	0.975	1	
1	1	1	1	
1	1	1	1	
1	1	1	1	
1	1	1	1	
1	1	1	1	
1	1	1	1	
1	1	1	1	
1	1	1	1	
1	1	1	0.977777777777778	
1	1	1	1	
1	1	1	1	
1	1	1	1	
1	1	1	1	
1	1	1	0.95	
0.971428571428572	0.983333333333333	1	1	
1	1	1	1	
1	0.981818181818182	1	1	
1	1	1	1	
1	1	1	1	
0.977777777777778	1	1	1	
1	1	1	1	
1	1	1	1	
1	1	1	1	
1	0.981818181818182	1	1	
1	1	1	1	
1	1	1	1	
1	1	1	1	
1	1	1	1	
1	1	1	1	
1	1	1	1	
1	1	1	0.977777777777778	
1	1	1	1	
1	1	1	1	
1	1	1	1	
1	1	1	1	
1	1	1	1	
0.971428571428572	1	1	1	
1	1	1	1	
1	1	1	1	
1	1	0.966666666666667	1	
1	1	1	1	
1	1	1	1	
1	0.95	1	1	
1	1	1	1	
1	1	1	1	
1	1	1	1	
1	1	1	1	
1	1	1	1	
1	1	1	0.983333333333333	
1	1	1	1	
1	1	1	1	
1	1	0.975	1	
1	1	1	1	
1	1	1	1	
1	1	1	1	
1	1	1	1	
1	1	0.981818181818182	1	
1	1	1	1	
1	0.977777777777778	0.971428571428572	1	
1	1	1	1	
0.96	1	1	1	
1	1	1	1	
1	1	1	0.971428571428572	
1	1	1	1	
1	1	1	1	
1	1	1	1	
1	1	1	0.981818181818182	
1	1	1	1	
1	1	1	1	
1	1	1	1	
1	1	1	1	
1	1	1	1	
1	1	1	1	
1	0.981818181818182	1	1	
1	1	1	1	
1	1	1	1	
1	1	1	0.975	
1	1	1	1	
1	1	1	1	
1	1	1	1	
1	1	1	1	
1	1	1	1	
1	1	0.981818181818182	1	
1	0.971428571428571	1	1	
1	1	1	1	
0.98	1	1	1	
1	1	1	1	
1	1	1	1	
1	1	1	1	
1	1	1	1	
1	1	1	1	
1	1	1	1	
1	1	1	1	
1	1	1	1	
1	1	1	1	
1	1	1	1	
0.971428571428572	1	1	0.977777777777778	
1	0.977777777777778	1	1	
1	1	1	1	
1	1	1	1	
1	0.975	1	1	
1	1	1	1	
1	1	1	1	
1	1	0.984615384615385	1	
1	1	1	1	
1	1	1	1	
1	1	0.984615384615385	1	
1	1	1	1	
1	1	1	1	
1	1	1	1	
1	1	1	1	
1	1	1	1	
1	1	1	1	
1	1	1	1	
1	1	1	1	
1	1	0.98	1	
1	1	1	1	
1	1	1	1	
0.933333333333333	1	1	1	
1	1	1	1	
1	1	0.983333333333333	1	
1	1	1	1	
1	1	1	1	
1	0.971428571428572	1	0.98	
1	1	1	1	
1	1	1	1	
1	1	1	1	
1	1	1	1	
1	1	1	0.971428571428572	
1	1	1	1	
1	1	1	1	
1	1	1	1	
1	1	1	1	
0.977777777777778	1	1	1	
1	1	1	1	
1	1	1	1	
1	1	1	1	
1	1	1	1	
1	1	1	1	
1	1	1	1	
1	1	1	1	
1	1	1	1	
1	1	1	1	
1	0.981818181818182	1	1	
1	1	1	1	
1	1	1	1	
1	0.981818181818182	1	1	
1	1	1	1	
1	1	1	1	
1	1	1	1	
1	1	1	1	
1	0.98	1	1	
1	1	1	1	
1	1	1	1	
1	1	1	1	
1	1	1	1	
1	1	1	1	
1	1	1	1	
0.98	1	1	1	
1	1	1	1	
1	1	1	1	
1	0.971428571428572	1	1	
1	1	1	1	
1	1	1	1	
1	1	1	1	
1	1	1	1	
1	1	1	1	
1	1	1	1	
1	1	1	1	
1	1	1	1	
1	1	1	1	
1	1	1	1	
1	1	1	1	
1	1	1	1	
1	1	1	1	
1	1	1	1	
1	1	1	1	
1	1	1	1	
1	1	1	1	
1	1	1	1	
1	1	1	1	
1	1	1	1	
1	1	1	1	
1	1	1	1	
1	1	1	1	
1	1	1	1	
1	1	1	1	
0.966666666666667	1	1	1	
1	1	1	1	
1	1	1	1	
1	1	1	1	
1	1	1	1	
1	1	1	1	
1	1	1	1	
1	1	1	1	
1	1	1	1	
1	1	1	1	
1	1	1	1	
1	1	1	1	
1	1	1	1	
1	1	1	1	
1	1	1	1	
1	1	1	1	
1	1	1	1	
1	1	1	1	
1	1	1	1	
1	1	1	1	
1	1	1	1	
1	1	1	1	
1	0.96	1	1	
1	1	1	1	
1	1	1	1	
1	1	1	1	
1	1	1	1	
1	1	1	1	
1	1	1	1	
1	1	1	1	
1	1	1	1	
1	1	1	1	
1	1	1	1	
1	1	1	1	
1	1	1	1	
1	1	1	1	
1	1	1	1	
1	1	1	1	
1	1	1	1	
1	1	1	0.95	
1	1	1	1	
1	1	1	1	
0.983333333333333	1	1	1	
1	1	1	1	
1	1	0.971428571428572	1	
1	1	1	1	
1	1	1	1	
1	1	1	1	
1	1	0.983333333333333	1	
1	1	1	1	
1	0.975	1	1	
1	1	1	1	
1	1	1	1	
1	1	1	1	
0.95	0.977777777777778	1	1	
1	1	1	1	
1	1	1	1	
1	1	1	1	
1	1	1	1	
1	1	1	1	
1	1	1	1	
1	0.975	1	1	
1	1	1	1	
1	1	1	1	
1	0.983333333333333	0.981818181818182	1	
1	1	1	1	
1	1	1	1	
1	1	1	1	
1	1	1	1	
1	1	1	1	
1	1	1	1	
1	1	0.971428571428572	1	
1	1	1	1	
1	1	1	1	
1	1	1	1	
1	1	1	1	
1	1	1	1	
1	1	1	1	
1	1	1	1	
1	1	1	1	
1	1	1	1	
1	1	1	1	
1	1	1	1	
1	1	1	1	
1	1	1	1	
1	1	1	1	
1	1	1	1	
1	1	1	1	
1	1	1	1	
1	1	1	1	
1	1	1	1	
1	1	1	1	
1	1	1	1	
1	1	1	1	
1	1	1	1	
1	1	1	1	
1	1	1	1	
1	1	1	1	
1	1	1	1	
1	1	1	1	
1	1	1	1	
1	1	1	1	
1	1	1	1	
1	1	1	1	
1	1	1	1	
1	1	1	1	
1	1	1	1	
1	1	1	1	
1	1	1	1	
0.981818181818182	1	1	1	
1	1	1	1	
1	1	1	1	
1	1	1	1	
1	1	1	1	
1	1	1	1	
1	0.975	1	1	
1	1	1	1	
1	1	1	1	
1	1	1	1	
1	1	1	1	
1	1	1	1	
1	1	1	1	
1	1	1	1	
1	1	1	1	
1	1	1	1	
1	1	1	0.971428571428572	
1	1	1	1	
1	1	1	1	
1	1	1	1	
1	1	1	1	
1	1	1	1	
1	1	1	1	
1	1	1	1	
1	1	1	1	
1	1	1	1	
1	1	1	1	
1	1	1	1	
1	1	1	1	
1	1	1	1	
1	0.981818181818182	1	1	
1	1	1	1	
1	1	1	1	
1	1	1	1	
1	1	1	1	
1	1	1	1	
1	0.983333333333333	1	1	
1	1	1	1	
1	1	1	0.983333333333333	
1	1	1	1	
1	1	1	1	
1	1	1	1	
1	1	1	1	
1	1	1	1	
1	1	1	0.966666666666667	
1	1	1	1	
1	1	1	1	
1	1	1	1	
1	1	1	1	
1	1	1	1	
1	1	1	1	
1	1	1	1	
1	1	1	1	
1	1	1	1	
1	1	1	1	
1	1	1	1	
1	1	1	1	
1	1	1	1	
1	1	1	1	
1	1	1	1	
1	1	1	1	
1	1	1	1	
1	1	1	1	
1	1	1	1	
1	1	1	1	
1	1	1	1	
1	1	1	1	
1	1	1	1	
1	1	1	1	
1	1	1	1	
1	1	1	1	
1	1	1	1	
1	1	1	1	
1	1	1	1	
1	1	1	1	
1	1	1	1	
1	1	1	1	
1	1	1	1	
1	1	1	1	
1	1	1	1	
1	1	1	1	
1	1	1	1	
1	1	1	1	
1	1	1	1	
1	1	0.98	1	
1	1	1	1	
1	1	1	1	
1	1	1	1	
1	1	1	1	
1	1	1	1	
1	1	1	1	
1	1	1	1	
1	1	1	1	
1	1	1	1	
1	1	1	1	
1	1	1	1	
1	1	1	1	
1	1	1	1	
1	1	1	1	
1	1	1	1	
1	1	1	1	
1	1	1	1	
1	1	1	1	
1	1	1	1	
1	1	1	1	
1	1	1	1	
1	1	1	1	
1	1	1	1	
1	1	1	1	
1	1	1	1	
1	1	1	1	
1	1	1	1	
1	1	1	1	
1	1	1	1	
1	1	1	1	
1	1	1	1	
1	1	1	1	
1	1	1	1	
1	1	1	1	
1	1	1	1	
1	1	1	1	
1	1	1	1	
1	1	1	1	
1	1	1	1	
1	1	1	1	
1	1	1	1	
1	1	1	1	
1	1	1	1	
1	1	1	1	
1	1	1	1	
1	1	1	1	
1	1	1	1	
1	1	1	1	
1	1	1	1	
1	1	1	1	
1	1	1	1	
1	1	1	1	
1	1	1	1	
1	1	1	1	
1	1	1	1	
1	1	1	1	
1	1	1	1	
1	1	1	1	
1	1	0.98	1	
1	1	1	1	
1	1	1	1	
1	1	1	1	
1	1	1	1	
1	1	1	1	
1	1	1	1	
1	1	1	1	
1	1	1	1	
1	1	1	1	
1	1	1	1	
1	1	1	1	
1	1	1	1	
1	1	1	1	
1	1	1	1	
1	1	1	1	
1	1	1	1	
1	1	1	1	
1	1	1	1	
1	1	1	1	
1	1	1	1	
1	1	1	1	
1	1	1	1	
1	1	1	1	
1	1	1	1	
1	1	1	1	
1	1	1	1	
1	1	1	1	
1	1	1	1	
1	1	1	1	
1	1	1	1	
1	1	1	1	
1	1	1	1	
1	1	1	1	
1	1	1	1	
1	1	1	1	
1	1	1	1	
1	1	1	1	
1	1	1	1	
1	1	1	1	
1	1	1	1	
1	1	1	1	
1	1	1	1	
1	0.983333333333333	1	1	
1	1	1	1	
1	1	1	1	
1	1	1	1	
1	1	1	1	
1	1	1	1	
1	1	1	1	
1	1	1	1	
1	1	1	1	
1	1	1	1	
1	1	1	1	
1	1	1	1	
1	1	1	1	
1	1	1	1	
1	1	1	1	
1	1	1	1	
1	1	1	1	
1	1	1	1	
1	1	1	1	
1	1	1	1	
1	1	1	1	
1	1	1	1	
1	1	1	1	
1	1	1	1	
1	1	1	1	
1	1	1	1	
1	1	1	1	
1	1	1	1	
1	1	1	1	
1	1	1	1	
1	1	1	1	
1	1	1	1	
1	1	1	1	
1	1	1	1	
1	1	1	1	
1	1	1	1	
1	1	1	1	
1	1	1	1	
1	1	1	1	
1	1	1	1	
1	1	1	1	
1	1	1	1	
1	1	1	1	
1	1	1	1	
1	1	1	1	
1	1	1	1	
1	1	1	1	
1	1	1	1	
1	1	1	1	
1	1	1	1	
1	1	1	1	
1	1	1	1	
1	1	1	1	
1	1	1	1	
1	1	1	1	
1	1	1	1	
1	1	1	1	
1	1	1	1	
1	1	1	1	
1	1	1	1	
1	1	1	1	
1	1	1	1	
1	1	1	1	
1	1	1	1	
1	1	1	1	
0.977777777777778	1	1	1	
1	1	1	1	
1	1	1	1	
1	1	1	1	
1	1	1	1	
1	1	1	1	
1	1	1	1	
1	1	1	1	
1	1	1	1	
1	1	1	1	
1	1	1	1	
1	1	1	1	
1	1	1	1	
1	1	1	1	
1	1	1	1	
1	1	1	1	
1	1	1	1	
1	1	1	1	
1	1	1	1	
1	1	1	1	
1	1	1	1	
1	1	1	1	
1	1	1	1	
1	1	1	1	
1	1	1	1	
1	1	1	1	
1	1	1	1	
1	1	1	1	
1	1	1	1	
1	1	1	1	
1	1	1	1	
1	1	1	1	
1	1	1	1	
1	1	1	1	
1	1	1	1	
1	1	1	1	
1	1	1	1	
1	1	1	1	
1	1	1	1	
1	1	1	1	
1	1	1	1	
1	1	1	1	
1	1	1	1	
1	1	1	1	
1	1	1	1	
1	1	1	1	
1	1	1	1	
1	1	1	1	
1	1	1	1	
1	1	1	1	
1	1	1	1	
1	1	1	1	
1	1	1	1	
1	1	1	1	
1	1	1	1	
1	1	1	1	
1	1	1	1	
1	1	1	1	
1	1	1	1	
1	1	1	1	
1	1	1	0.98	
1	1	1	1	
1	1	1	1	
1	1	1	1	
1	1	1	1	
1	1	1	1	
1	1	1	1	
1	1	1	1	
1	1	1	1	
1	1	1	1	
1	1	1	1	
1	1	1	1	
1	1	1	1	
1	1	1	1	
1	1	1	1	
1	1	1	1	
1	1	1	1	
1	1	1	1	
1	1	1	1	
1	1	1	1	
1	0.98	1	1	
1	1	1	1	
1	1	1	1	
1	1	1	1	
1	1	1	1	
1	1	1	1	
1	1	1	1	
1	1	1	1	
1	1	1	1	
1	1	1	1	
1	1	1	1	
1	1	1	1	
1	1	1	1	
1	1	1	1	
1	1	1	1	
1	1	1	1	
1	1	1	1	
1	1	1	1	
1	1	1	1	
1	1	1	1	
1	1	1	1	
1	1	1	1	
1	1	1	1	
1	1	1	1	
1	1	1	1	
1	1	1	1	
1	1	1	1	
1	1	1	1	
1	1	1	1	
1	1	1	1	
1	1	1	1	
1	1	1	1	
1	1	1	1	
1	1	1	1	
1	1	1	1	
1	1	1	1	
1	1	1	1	
1	1	1	1	
1	1	1	1	
1	1	1	1	
1	1	1	1	
1	1	1	1	
1	1	1	1	
1	1	1	1	
1	1	1	1	
1	1	1	1	
1	1	1	1	
1	1	1	1	
1	1	1	1	
1	1	1	1	
1	1	1	1	
1	1	1	1	
1	1	1	1	
1	1	1	1	
1	1	1	1	
1	1	1	1	
1	1	1	1	
1	1	1	1	
1	1	1	1	
1	1	1	1	
1	1	1	1	
1	1	1	1	
1	1	1	1	
1	1	1	1	
1	1	1	1	
1	1	1	1	
1	1	1	1	
1	1	1	1	
1	1	1	1	
1	1	1	1	
1	1	1	1	
1	1	1	1	
1	1	1	1	
1	1	1	1	
1	1	1	1	
1	1	1	1	
1	1	1	1	
1	1	1	1	
1	1	1	1	
1	1	1	1	
1	1	1	1	
1	1	1	1	
1	1	1	1	
1	1	1	1	
1	1	1	1	
1	1	1	1	
1	1	1	1	
1	1	1	1	
1	1	1	1	
1	1	1	1	
1	1	1	1	
1	1	1	1	
1	1	1	1	
1	1	1	1	
1	1	1	1	
1	1	1	1	
1	1	1	1	
1	1	1	1	
0.966666666666667	1	1	1	
1	1	1	1	
1	1	1	1	
1	1	1	1	
1	1	1	1	
1	1	1	1	
1	1	1	1	
1	1	1	1	
1	1	1	1	
1	1	1	1	
1	1	1	1	
1	1	1	1	
1	1	1	1	
1	1	1	1	
1	1	1	1	
1	1	1	1	
1	1	1	1	
1	1	1	1	
1	1	1	1	
1	1	1	1	
1	1	1	1	
1	1	1	1	
1	1	1	1	
1	1	1	1	
1	1	1	1	
1	1	1	1	
1	1	1	1	
1	1	1	1	
1	1	1	1	
1	1	1	1	
1	1	1	1	
1	1	1	1	
1	1	1	1	
1	1	1	1	
1	1	1	1	
1	1	1	1	
1	1	1	1	
1	1	1	1	
1	1	1	1	
1	1	1	1	
1	1	1	1	
1	1	1	1	
1	1	1	1	
1	1	1	1	
1	1	1	1	
1	1	1	1	
1	1	1	1	
1	1	1	1	
1	1	1	1	
1	1	1	1	
1	1	1	1	
1	1	1	1	
1	1	1	1	
1	1	1	1	
1	1	1	1	
1	1	1	1	
1	1	1	1	
1	1	1	1	
1	1	1	1	
1	1	1	1	
1	1	1	1	
1	1	1	1	
1	1	1	1	
1	1	1	1	
1	1	1	1	
1	1	1	1	
1	1	1	1	
1	1	1	1	
1	1	1	1	
1	1	1	1	
1	1	1	1	
1	1	1	1	
1	1	1	1	
1	1	1	1	
1	1	1	1	
1	1	1	1	
1	1	1	1	
1	1	1	1	
1	1	1	1	
1	1	1	1	
1	1	1	1	
1	1	1	1	
1	1	1	1	
1	1	1	1	
1	1	1	1	
1	1	1	1	
1	1	1	1	
1	1	1	1	
1	1	1	1	
1	1	1	1	
1	1	1	1	
1	1	1	1	
1	1	1	1	
1	1	1	1	
1	1	1	1	
1	1	1	1	
1	1	1	1	
1	1	1	1	
1	1	1	1	
1	1	1	1	
1	1	1	1	
1	1	1	1	
1	1	1	1	
1	1	1	1	
1	1	1	1	
1	1	1	1	
1	1	1	1	
1	1	1	1	
1	1	1	1	
1	1	1	1	
1	1	1	1	
1	1	1	1	
1	1	1	1	
1	1	1	1	
1	1	1	1	
1	1	1	1	
1	1	1	1	
1	1	1	1	
1	1	1	1	
1	1	1	1	
1	1	1	1	
1	1	1	1	
1	1	1	1	
1	1	1	1	
1	1	1	1	
1	1	1	1	
1	1	1	1	
1	1	1	1	
1	1	1	1	
1	1	1	1	
1	1	1	1	
1	1	1	1	
1	1	1	1	
1	1	1	1	
1	1	1	1	
1	1	1	1	
1	1	1	1	
1	1	1	1	
1	1	1	1	
1	1	1	1	
1	1	1	1	
1	1	1	1	
1	1	1	1	
1	1	1	1	
1	1	1	1	
1	1	1	1	
1	1	1	1	
1	1	1	1	
1	1	1	1	
1	1	1	1	
1	1	1	1	
1	1	1	1	
1	1	1	1	
1	1	1	1	
1	1	1	1	
1	1	1	1	
1	1	1	1	
1	1	1	1	
1	1	1	1	
1	1	1	1	
1	1	1	1	
1	1	1	1	
1	1	1	1	
1	1	1	1	
1	1	1	1	
1	1	1	1	
1	1	1	1	
1	1	1	1	
1	1	1	1	
1	1	1	1	
1	1	1	1	
1	1	1	1	
1	1	1	1	
1	1	1	1	
1	1	1	1	
1	1	1	1	
1	1	1	1	
1	1	1	1	
1	1	1	1	
1	1	1	1	
1	1	1	1	
1	1	1	1	
1	1	1	1	
1	1	1	1	
1	1	1	1	
1	1	1	1	
1	1	1	1	
1	1	1	1	
1	1	1	1	
1	1	1	1	
1	1	1	1	
1	1	1	1	
1	1	1	1	
1	1	1	1	
1	1	1	1	
1	1	1	1	
1	1	1	1	
1	1	1	1	
1	1	1	1	
1	1	1	1	
1	1	1	1	
1	1	1	1	
1	1	1	1	
1	1	1	1	
1	1	1	1	
1	1	1	1	
1	1	1	1	
1	1	1	1	
1	1	1	1	
1	1	1	1	
1	1	1	1	
1	1	1	1	
1	1	1	1	
1	1	1	1	
1	1	1	1	
1	1	1	1	
1	1	1	1	
1	1	1	1	
1	1	1	1	
1	1	1	1	
1	1	1	1	
1	1	1	1	
1	1	1	1	
1	1	1	1	
1	1	1	1	
1	1	1	1	
1	1	1	1	
1	1	1	1	
1	1	1	1	
1	1	1	1	
1	1	1	1	
1	1	1	1	
1	1	1	1	
1	1	1	1	
1	1	1	1	
1	1	1	1	
1	1	1	1	
1	1	1	1	
1	1	1	1	
1	1	1	1	
1	1	1	1	
1	1	1	1	
1	1	1	1	
1	1	1	1	
1	1	1	1	
1	1	1	1	
1	1	1	1	
1	1	1	1	
1	1	1	1	
1	1	1	1	
1	1	1	1	
1	1	1	1	
1	1	1	1	
1	1	1	1	
1	1	1	1	
1	1	1	1	
1	1	1	1	
1	1	1	1	
1	1	1	1	
1	1	1	1	
1	1	1	1	
1	1	1	1	
1	1	1	1	
1	1	1	1	
1	1	1	1	
1	1	1	1	
1	1	1	1	
1	1	1	1	
1	1	1	1	
1	1	1	1	
1	1	1	1	
1	1	1	1	
1	1	1	1	
1	1	1	1	
1	1	1	1	
1	1	1	1	
1	1	1	1	
1	1	1	1	
1	1	1	1	
1	1	1	1	
1	1	1	1	
1	1	1	1	
1	1	1	1	
1	1	1	1	
1	1	1	1	
1	1	1	1	
1	1	1	1	
1	1	1	1	
1	1	1	1	
1	1	1	1	
1	1	1	1	
1	1	1	1	
1	1	1	1	
1	1	1	1	
1	1	1	1	
1	1	1	1	
1	1	1	1	
1	1	1	1	
1	1	1	1	
1	1	1	1	
1	1	1	1	
1	1	1	1	
1	1	1	1	
1	1	1	1	
1	1	1	1	
1	1	1	1	
1	1	1	1	
1	1	1	1	
1	1	1	1	
1	1	1	1	
1	1	1	1	
1	1	1	1	
1	1	1	1	
1	1	1	1	
1	1	1	1	
1	1	1	1	
1	1	1	1	
1	1	1	1	
1	1	1	1	
1	1	1	1	
1	1	1	1	
1	1	1	1	
1	1	1	1	
1	1	1	1	
1	1	1	1	
1	1	1	1	
1	1	1	1	
1	1	1	1	
1	1	1	1	
1	1	1	1	
1	1	1	1	
1	1	1	1	
1	1	1	1	
1	1	1	1	
1	1	1	1	
1	1	1	1	
1	1	1	1	
1	1	1	1	
1	1	1	1	
1	1	1	1	
1	1	1	1	
1	1	1	1	
1	1	1	1	
1	1	1	1	
1	1	1	1	
1	1	1	1	
1	1	1	1	
1	1	1	1	
1	1	1	1	
1	1	1	1	
1	1	1	1	
1	1	1	1	
1	1	1	1	
1	1	1	1	
1	1	1	1	
1	1	1	1	
1	1	1	1	
1	1	1	1	
1	1	1	1	
1	1	1	1	
1	1	1	1	
1	1	1	1	
1	1	1	1	
1	1	1	1	
1	1	1	1	
1	1	1	1	
1	1	1	1	
1	1	1	1	
1	1	1	1	
1	1	1	1	
1	1	1	1	
				
